Type;ZVL-3;
Version;3.31;
Date;28.Jan 18;
Mode;ANALYZER;
Center Freq;1500000250.000000;Hz
Freq Offset;0.000000;Hz
Span;2999999500.000000;Hz
x-Axis;LIN;
Start;500.000000;Hz
Stop;3000000000.000000;Hz
Ref Level;-20.000000;dBm
Level Offset;0.000000;dB
Ref Position;100.000000;%
y-Axis;LOG;
Level Range;100.000000;dB
Rf Att;0.000000;dB
RBW;3000000.000000;Hz
VBW;10000000.000000;Hz
SWT;0.005000;s
Trace Mode;CLR/WRITE;
Detector;AUTOPEAK;
Sweep Count;0;
Trace 1:;;
x-Unit;Hz;
y-Unit;dBm;
Preamplifier;OFF;
Transducer;OFF;
Values;501;
500;-1.8653240203857422;-52.411693572998047
6000499;-53.398975372314453;-89.976043701171875
12000498;-57.572383880615234;-105.49364471435547
18000497;-52.660297393798828;-94.619827270507813
24000496;-42.355003356933594;-89.4820556640625
30000495;-40.174457550048828;-90.317024230957031
36000494;-32.216854095458984;-94.201194763183594
42000493;-38.388748168945313;-83.950424194335938
48000492;-33.550678253173828;-84.462020874023438
54000491;-36.836109161376953;-81.761161804199219
60000490;-37.978694915771484;-86.741554260253906
66000489;-43.428035736083984;-93.553230285644531
72000488;-42.248458862304688;-94.521415710449219
78000487;-54.891757965087891;-88.23895263671875
84000486;-38.598491668701172;-86.310348510742188
90000485;-42.951511383056641;-66.653030395507813
96000484;-36.397567749023438;-58.00579833984375
102000483;-37.074371337890625;-59.460968017578125
108000482;-41.87750244140625;-82.100982666015625
114000481;-57.731414794921875;-90.020164489746094
120000480;-47.157745361328125;-91.265533447265625
126000479;-53.850627899169922;-103.36729431152344
132000478;-58.669334411621094;-92.975433349609375
138000477;-61.020725250244141;-95.846099853515625
144000476;-55.048904418945313;-94.299110412597656
150000475;-61.604591369628906;-91.529769897460938
156000474;-47.886608123779297;-93.694900512695312
162000473;-51.732681274414063;-88.928207397460938
168000472;-47.020195007324219;-92.170036315917969
174000471;-37.365936279296875;-88.8016357421875
180000470;-35.202785491943359;-74.750221252441406
186000469;-32.814640045166016;-57.819240570068359
192000468;-31.1051025390625;-66.7923583984375
198000467;-48.820907592773438;-96.655784606933594
204000466;-51.232681274414063;-95.454521179199219
210000465;-51.981403350830078;-99.20806884765625
216000464;-56.910881042480469;-106.38677978515625
222000463;-51.794631958007812;-95.330978393554688
228000462;-61.516277313232422;-95.227119445800781
234000461;-54.228076934814453;-99.636817932128906
240000460;-61.481437683105469;-92.618621826171875
246000459;-48.836490631103516;-88.790634155273437
252000458;-57.029781341552734;-93.602767944335937
258000457;-53.460147857666016;-97.464675903320312
264000456;-68.256912231445313;-95.447418212890625
270000455;-57.032413482666016;-102.32524871826172
276000454;-57.548866271972656;-102.54344177246094
282000453;-56.788707733154297;-100.96488952636719
288000452;-65.261856079101562;-98.932647705078125
294000451;-58.683704376220703;-91.437080383300781
300000450;-55.662723541259766;-89.572837829589844
306000449;-62.953590393066406;-95.988777160644531
312000448;-55.045753479003906;-97.734703063964844
318000447;-63.377090454101563;-93.258262634277344
324000446;-55.825706481933594;-102.60484313964844
330000445;-65.548149108886719;-99.197128295898437
336000444;-53.992420196533203;-93.750572204589844
342000443;-54.506038665771484;-94.195396423339844
348000442;-59.621105194091797;-95.064704895019531
354000441;-60.882522583007813;-100.44411468505859
360000440;-56.846424102783203;-98.813751220703125
366000439;-55.108467102050781;-87.429092407226563
372000438;-59.016838073730469;-88.783515930175781
378000437;-61.007091522216797;-99.887443542480469
384000436;-52.233650207519531;-100.90071105957031
390000435;-50.517192840576172;-102.33869171142578
396000434;-66.939903259277344;-94.246047973632813
402000433;-54.566516876220703;-100.20396423339844
408000432;-49.371967315673828;-97.95648193359375
414000431;-37.364860534667969;-92.329231262207031
420000430;-34.217494964599609;-65.054313659667969
426000429;-49.549648284912109;-77.869338989257813
432000428;-46.270618438720703;-86.618095397949219
438000427;-55.371315002441406;-90.073371887207031
444000426;-67.402542114257813;-95.747047424316406
450000425;-67.535324096679688;-100.48040008544922
456000424;-52.001682281494141;-85.06060791015625
462000423;-51.803340911865234;-83.299156188964844
468000422;-56.541572570800781;-92.939155578613281
474000421;-61.582897186279297;-99.389091491699219
480000420;-61.795185089111328;-92.781532287597656
486000419;-57.795276641845703;-100.92597198486328
492000418;-66.532760620117188;-102.71574401855469
498000417;-66.071174621582031;-95.793701171875
504000416;-65.29266357421875;-99.376625061035156
510000415;-63.646518707275391;-94.044990539550781
516000414;-45.357795715332031;-86.598907470703125
522000413;-43.147335052490234;-72.166358947753906
528000412;-51.628021240234375;-90.801895141601563
534000411;-69.906204223632813;-101.17251586914062
540000410;-65.516265869140625;-98.58392333984375
546000409;-71.913436889648437;-102.37295532226562
552000408;-69.634742736816406;-104.125732421875
558000407;-66.514236450195313;-97.905158996582031
564000406;-70.300788879394531;-104.57767486572266
570000405;-54.220211029052734;-97.833488464355469
576000404;-45.335056304931641;-73.311538696289062
582000403;-51.083915710449219;-91.375190734863281
588000402;-68.399452209472656;-94.729682922363281
594000401;-70.850593566894531;-99.935752868652344
600000400;-70.179428100585938;-104.76442718505859
606000399;-70.494186401367188;-97.641288757324219
612000398;-70.648765563964844;-112.35894775390625
618000397;-70.968833923339844;-103.31971740722656
624000396;-71.076545715332031;-104.30435943603516
630000395;-71.492767333984375;-102.31803894042969
636000394;-71.925880432128906;-94.313323974609375
642000393;-69.631134033203125;-115.75499725341797
648000392;-68.88275146484375;-116.2452392578125
654000391;-71.884010314941406;-111.27590942382812
660000390;-70.637779235839844;-104.69445037841797
666000389;-69.2139892578125;-104.15171051025391
672000388;-71.759956359863281;-99.120841979980469
678000387;-71.102668762207031;-102.50048065185547
684000386;-65.27740478515625;-105.30902099609375
690000385;-60.815773010253906;-94.881256103515625
696000384;-70.412353515625;-95.669410705566406
702000383;-71.032722473144531;-97.53106689453125
708000382;-69.430885314941406;-117.92082214355469
714000381;-72.840751647949219;-98.006637573242187
720000380;-67.987442016601563;-104.56983947753906
726000379;-51.139743804931641;-80.926155090332031
732000378;-48.750762939453125;-82.064208984375
738000377;-64.358757019042969;-102.20867919921875
744000376;-69.680267333984375;-104.74614715576172
750000375;-70.350692749023438;-99.4630126953125
756000374;-72.34588623046875;-110.58641052246094
762000373;-67.196395874023437;-108.98155212402344
768000372;-59.539535522460937;-100.03189086914062
774000371;-63.057754516601563;-92.942428588867188
780000370;-70.911170959472656;-96.920257568359375
786000369;-70.482780456542969;-97.326103210449219
792000368;-59.549125671386719;-99.705696105957031
798000367;-55.061122894287109;-86.430389404296875
804000366;-53.589397430419922;-88.518585205078125
810000365;-64.62646484375;-92.8460693359375
816000364;-64.17071533203125;-91.316780090332031
822000363;-70.534469604492188;-97.690574645996094
828000362;-70.947898864746094;-107.41378021240234
834000361;-70.764320373535156;-96.936569213867188
840000360;-71.402297973632812;-97.720283508300781
846000359;-69.434188842773437;-104.72513580322266
852000358;-69.086875915527344;-100.6507568359375
858000357;-72.558670043945313;-100.77143859863281
864000356;-70.184104919433594;-100.90691375732422
870000355;-70.962936401367188;-101.22761535644531
876000354;-69.943817138671875;-103.43193054199219
882000353;-70.75714111328125;-103.76545715332031
888000352;-70.511299133300781;-95.673248291015625
894000351;-69.169784545898438;-96.716552734375
900000350;-69.341766357421875;-97.353828430175781
906000349;-70.263351440429688;-98.917091369628906
912000348;-71.071403503417969;-102.50818634033203
918000347;-71.577285766601562;-107.22502899169922
924000346;-56.387191772460938;-100.98970794677734
930000345;-55.793472290039063;-90.494773864746094
936000344;-23.497396469116211;-60.5634765625
942000343;-23.020267486572266;-70.510879516601562
948000342;-27.912117004394531;-79.591934204101563
954000341;-29.927057266235352;-69.831977844238281
960000340;-56.508304595947266;-94.416160583496094
966000339;-71.261581420898438;-105.33119201660156
972000338;-69.246383666992188;-92.876014709472656
978000337;-70.322807312011719;-102.33540344238281
984000336;-71.135040283203125;-96.679206848144531
990000335;-68.200088500976563;-94.717643737792969
996000334;-72.145195007324219;-96.936882019042969
1002000333;-69.595306396484375;-98.55902099609375
1008000332;-70.276504516601563;-114.90665435791016
1014000331;-72.18975830078125;-98.997871398925781
1020000330;-70.482872009277344;-105.10973358154297
1026000329;-69.084732055664063;-101.67073822021484
1032000328;-70.477119445800781;-99.246597290039063
1038000327;-72.331268310546875;-102.00003814697266
1044000326;-72.118011474609375;-101.96532440185547
1050000325;-71.171646118164063;-106.90727233886719
1056000324;-70.924644470214844;-100.43869018554687
1062000323;-70.681350708007813;-100.50983428955078
1068000322;-72.431121826171875;-103.79354858398437
1074000321;-68.933815002441406;-103.96427917480469
1080000320;-71.976661682128906;-99.851188659667969
1086000319;-69.271766662597656;-104.73922729492187
1092000318;-71.405784606933594;-95.753211975097656
1098000317;-72.043121337890625;-98.475296020507813
1104000316;-70.382568359375;-102.36138916015625
1110000315;-72.109001159667969;-93.807472229003906
1116000314;-69.581947326660156;-99.545097351074219
1122000313;-66.58477783203125;-102.13113403320312
1128000312;-68.58209228515625;-100.45361328125
1134000311;-70.118179321289063;-102.37654876708984
1140000310;-71.502311706542969;-109.43402099609375
1146000309;-71.779342651367188;-102.84562683105469
1152000308;-71.623603820800781;-103.15377807617187
1158000307;-71.058738708496094;-109.86768341064453
1164000306;-70.369293212890625;-97.165031433105469
1170000305;-70.025642395019531;-104.05208587646484
1176000304;-70.742416381835938;-110.64072418212891
1182000303;-69.594001770019531;-107.48953247070312
1188000302;-70.235466003417969;-97.894851684570313
1194000301;-71.28167724609375;-102.10778045654297
1200000300;-71.485725402832031;-96.128646850585938
1206000299;-68.859031677246094;-99.167228698730469
1212000298;-70.02716064453125;-112.29508209228516
1218000297;-68.368728637695312;-116.06494140625
1224000296;-70.842239379882813;-106.4227294921875
1230000295;-71.17962646484375;-107.37082672119141
1236000294;-72.077377319335937;-102.02045440673828
1242000293;-70.779563903808594;-92.132400512695312
1248000292;-68.564529418945313;-102.81060028076172
1254000291;-70.750457763671875;-103.0972900390625
1260000290;-69.978370666503906;-92.861244201660156
1266000289;-69.76458740234375;-98.347709655761719
1272000288;-71.963615417480469;-106.50901031494141
1278000287;-73.386054992675781;-113.13388824462891
1284000286;-70.499443054199219;-104.52452087402344
1290000285;-72.202896118164062;-108.10688781738281
1296000284;-71.149459838867187;-98.605369567871094
1302000283;-70.22100830078125;-101.31185913085937
1308000282;-72.912025451660156;-105.50959777832031
1314000281;-69.458724975585937;-104.70529174804687
1320000280;-67.790611267089844;-108.52772521972656
1326000279;-72.715461730957031;-98.610153198242188
1332000278;-71.696113586425781;-96.160285949707031
1338000277;-71.017974853515625;-105.85144805908203
1344000276;-71.065444946289062;-103.45109558105469
1350000275;-70.897140502929688;-99.458686828613281
1356000274;-71.422721862792969;-103.94178009033203
1362000273;-70.666290283203125;-102.52727508544922
1368000272;-72.271766662597656;-108.39619445800781
1374000271;-70.052803039550781;-108.28268432617187
1380000270;-71.751960754394531;-99.168975830078125
1386000269;-70.217971801757813;-102.91599273681641
1392000268;-68.77764892578125;-100.29160308837891
1398000267;-72.050376892089844;-96.668159484863281
1404000266;-73.400726318359375;-106.30370330810547
1410000265;-72.836517333984375;-96.221504211425781
1416000264;-72.765464782714844;-93.862861633300781
1422000263;-71.404136657714844;-101.19677734375
1428000262;-70.426689147949219;-97.192398071289062
1434000261;-71.806304931640625;-112.77843475341797
1440000260;-70.459732055664063;-101.60936737060547
1446000259;-69.963890075683594;-104.47724151611328
1452000258;-67.33056640625;-105.43149566650391
1458000257;-71.5677490234375;-95.183952331542969
1464000256;-70.034049987792969;-104.53907775878906
1470000255;-69.850234985351563;-100.80655670166016
1476000254;-72.833793640136719;-110.02492523193359
1482000253;-71.777626037597656;-99.417503356933594
1488000252;-71.322456359863281;-102.61098480224609
1494000251;-71.727371215820313;-101.98080444335937
1500000250;-71.742561340332031;-107.65285491943359
1506000249;-69.3836669921875;-94.024421691894531
1512000248;-70.383995056152344;-100.54152679443359
1518000247;-71.983993530273438;-107.13322448730469
1524000246;-71.169662475585938;-99.066543579101563
1530000245;-69.759490966796875;-103.88386535644531
1536000244;-68.492561340332031;-109.19039916992187
1542000243;-71.786323547363281;-102.16541290283203
1548000242;-71.003189086914062;-97.387527465820313
1554000241;-72.043258666992188;-97.671905517578125
1560000240;-73.015815734863281;-103.8226318359375
1566000239;-69.292190551757812;-94.628219604492188
1572000238;-71.277328491210938;-93.325981140136719
1578000237;-72.376205444335938;-102.93497467041016
1584000236;-72.775848388671875;-108.47412872314453
1590000235;-69.148757934570313;-100.38220977783203
1596000234;-71.681617736816406;-100.54915618896484
1602000233;-73.691307067871094;-113.52338409423828
1608000232;-71.613739013671875;-99.353836059570313
1614000231;-73.386688232421875;-95.584053039550781
1620000230;-70.723892211914063;-98.412101745605469
1626000229;-72.962493896484375;-98.040008544921875
1632000228;-70.575996398925781;-101.02695465087891
1638000227;-70.20538330078125;-110.96649932861328
1644000226;-72.443351745605469;-101.54883575439453
1650000225;-69.196823120117187;-105.88262939453125
1656000224;-72.005264282226563;-97.537681579589844
1662000223;-72.455154418945313;-97.928215026855469
1668000222;-70.381034851074219;-107.14854431152344
1674000221;-73.5947265625;-99.831062316894531
1680000220;-71.255020141601562;-109.22465515136719
1686000219;-71.461822509765625;-108.56195831298828
1692000218;-73.620452880859375;-104.71406555175781
1698000217;-71.24737548828125;-106.47347259521484
1704000216;-71.133560180664063;-106.76988220214844
1710000215;-72.708511352539063;-106.17368316650391
1716000214;-69.97552490234375;-118.78717803955078
1722000213;-72.141822814941406;-111.87664031982422
1728000212;-71.5599365234375;-98.921432495117188
1734000211;-71.276458740234375;-106.53858184814453
1740000210;-72.90313720703125;-98.480209350585938
1746000209;-72.420753479003906;-101.99720764160156
1752000208;-71.204841613769531;-101.67979431152344
1758000207;-72.712608337402344;-102.46319580078125
1764000206;-74.478103637695313;-106.0777587890625
1770000205;-73.182579040527344;-99.186317443847656
1776000204;-72.853919982910156;-102.30805206298828
1782000203;-73.167457580566406;-104.85282897949219
1788000202;-73.392524719238281;-102.97599792480469
1794000201;-71.660118103027344;-100.21876525878906
1800000200;-72.7620849609375;-100.65435791015625
1806000199;-64.161369323730469;-108.18805694580078
1812000198;-61.847747802734375;-91.31573486328125
1818000197;-59.748779296875;-91.2940673828125
1824000196;-61.750698089599609;-90.456901550292969
1830000195;-60.190956115722656;-93.834014892578125
1836000194;-52.148929595947266;-90.926071166992188
1842000193;-30.880315780639648;-63.851005554199219
1848000192;-30.526069641113281;-62.197456359863281
1854000191;-32.410648345947266;-86.381706237792969
1860000190;-60.953315734863281;-95.584236145019531
1866000189;-63.797119140625;-94.994987487792969
1872000188;-56.858749389648437;-92.107681274414062
1878000187;-57.611663818359375;-93.044319152832031
1884000186;-70.210151672363281;-93.458915710449219
1890000185;-68.849433898925781;-101.98810577392578
1896000184;-69.393562316894531;-102.87396240234375
1902000183;-72.810661315917969;-102.63715362548828
1908000182;-72.018478393554688;-104.80305480957031
1914000181;-74.153099060058594;-101.75090789794922
1920000180;-71.824996948242188;-106.46762084960937
1926000179;-72.616622924804688;-106.59235382080078
1932000178;-73.098312377929688;-116.56358337402344
1938000177;-72.903694152832031;-99.804939270019531
1944000176;-71.752975463867188;-102.83542633056641
1950000175;-69.887008666992188;-102.90816497802734
1956000174;-72.040817260742188;-106.67729187011719
1962000173;-71.866111755371094;-103.91365051269531
1968000172;-73.187301635742187;-126.07198333740234
1974000171;-73.129196166992188;-105.86527252197266
1980000170;-73.391357421875;-110.79087066650391
1986000169;-70.198455810546875;-106.91748809814453
1992000168;-71.290611267089844;-103.45879364013672
1998000167;-73.878463745117188;-101.53584289550781
2004000166;-72.381698608398437;-123.12796020507812
2010000165;-70.848442077636719;-98.380569458007812
2016000164;-70.809532165527344;-99.746978759765625
2022000163;-69.896827697753906;-97.60162353515625
2028000162;-71.822044372558594;-101.59909820556641
2034000161;-70.909767150878906;-113.47457122802734
2040000160;-72.1640625;-95.495674133300781
2046000159;-72.558799743652344;-95.615097045898438
2052000158;-73.116409301757812;-106.01850891113281
2058000157;-71.982711791992188;-119.65524291992187
2064000156;-69.702972412109375;-99.975799560546875
2070000155;-70.440467834472656;-92.581016540527344
2076000154;-72.609420776367188;-97.425514221191406
2082000153;-71.741310119628906;-97.038398742675781
2088000152;-71.887809753417969;-98.955734252929687
2094000151;-72.132255554199219;-101.57073974609375
2100000150;-70.654350280761719;-101.21540069580078
2106000149;-67.733413696289062;-99.978340148925781
2112000148;-41.551231384277344;-78.857414245605469
2118000147;-41.481620788574219;-79.332504272460938
2124000146;-26.817375183105469;-75.832740783691406
2130000145;-23.529668807983398;-50.915950775146484
2136000144;-30.850986480712891;-55.849357604980469
2142000143;-40.554050445556641;-83.765510559082031
2148000142;-51.302982330322266;-82.772315979003906
2154000141;-42.438346862792969;-81.382530212402344
2160000140;-37.617397308349609;-68.1795654296875
2166000139;-46.789474487304688;-73.295051574707031
2172000138;-46.184825897216797;-96.387825012207031
2178000137;-73.296867370605469;-92.97625732421875
2184000136;-73.374984741210937;-104.04322814941406
2190000135;-72.667106628417969;-97.29840087890625
2196000134;-73.039222717285156;-100.56590270996094
2202000133;-72.317337036132812;-102.99078369140625
2208000132;-72.31201171875;-97.071578979492188
2214000131;-72.621124267578125;-104.90355682373047
2220000130;-73.029335021972656;-104.82345581054687
2226000129;-72.972038269042969;-107.55812072753906
2232000128;-72.811119079589844;-102.23725128173828
2238000127;-72.64556884765625;-112.89678192138672
2244000126;-73.635231018066406;-100.30528259277344
2250000125;-69.887413024902344;-101.38449859619141
2256000124;-72.648345947265625;-114.66970825195312
2262000123;-72.5826416015625;-101.35743713378906
2268000122;-72.097946166992188;-101.07766723632812
2274000121;-72.236991882324219;-106.24334716796875
2280000120;-71.380027770996094;-94.113441467285156
2286000119;-70.350517272949219;-108.09249877929687
2292000118;-72.870361328125;-100.69638061523437
2298000117;-72.782661437988281;-99.276748657226562
2304000116;-72.948860168457031;-102.75824737548828
2310000115;-74.88641357421875;-105.80265808105469
2316000114;-73.030403137207031;-102.84468078613281
2322000113;-73.647773742675781;-98.249038696289063
2328000112;-73.673248291015625;-98.885940551757813
2334000111;-71.247871398925781;-117.64701843261719
2340000110;-72.580436706542969;-100.01929473876953
2346000109;-73.722251892089844;-104.97370910644531
2352000108;-72.006782531738281;-106.47708892822266
2358000107;-72.645111083984375;-104.105712890625
2364000106;-70.741798400878906;-109.56733703613281
2370000105;-73.364067077636719;-95.994117736816406
2376000104;-70.641487121582031;-105.16084289550781
2382000103;-71.863044738769531;-98.742752075195313
2388000102;-70.573104858398438;-116.60748291015625
2394000101;-71.268844604492188;-111.16231536865234
2400000100;-65.677528381347656;-92.886299133300781
2406000099;-49.382045745849609;-89.628349304199219
2412000098;-45.760459899902344;-71.293006896972656
2418000097;-46.297519683837891;-75.872840881347656
2424000096;-54.798091888427734;-85.738662719726562
2430000095;-65.390098571777344;-94.654182434082031
2436000094;-71.262351989746094;-104.31961822509766
2442000093;-70.808738708496094;-94.674667358398438
2448000092;-70.859909057617188;-105.75593566894531
2454000091;-71.774375915527344;-97.2584228515625
2460000090;-71.652587890625;-101.81018829345703
2466000089;-72.825187683105469;-96.911582946777344
2472000088;-70.617233276367188;-101.36156463623047
2478000087;-71.42938232421875;-101.32257080078125
2484000086;-70.597885131835938;-97.929458618164063
2490000085;-71.230354309082031;-105.08751678466797
2496000084;-73.005386352539063;-97.524574279785156
2502000083;-71.984748840332031;-106.76267242431641
2508000082;-73.071372985839844;-101.97865295410156
2514000081;-70.539382934570312;-105.30329132080078
2520000080;-72.718429565429688;-99.698043823242188
2526000079;-70.012420654296875;-98.995597839355469
2532000078;-73.129356384277344;-102.42720031738281
2538000077;-71.425590515136719;-100.49797821044922
2544000076;-73.184112548828125;-98.484382629394531
2550000075;-73.155799865722656;-109.22667694091797
2556000074;-72.502586364746094;-106.15818786621094
2562000073;-72.191314697265625;-101.73842620849609
2568000072;-71.653617858886719;-100.1826171875
2574000071;-73.13751220703125;-101.67613220214844
2580000070;-73.02142333984375;-100.56269836425781
2586000069;-73.464874267578125;-104.1387939453125
2592000068;-72.774833679199219;-110.34388732910156
2598000067;-70.797203063964844;-100.81303405761719
2604000066;-72.440605163574219;-100.09942626953125
2610000065;-74.036422729492187;-105.66364288330078
2616000064;-72.012237548828125;-100.77426910400391
2622000063;-72.080879211425781;-106.19026947021484
2628000062;-74.270706176757813;-98.668708801269531
2634000061;-73.160179138183594;-105.29158782958984
2640000060;-49.874103546142578;-94.882606506347656
2646000059;-38.847805023193359;-74.497688293457031
2652000058;-38.5029296875;-77.309967041015625
2658000057;-37.998477935791016;-70.495185852050781
2664000056;-38.696758270263672;-90.717277526855469
2670000055;-68.080657958984375;-100.92173767089844
2676000054;-67.678619384765625;-101.99211883544922
2682000053;-65.964111328125;-94.998031616210938
2688000052;-68.5472412109375;-103.90549468994141
2694000051;-75.399391174316406;-99.959716796875
2700000050;-74.041152954101563;-102.96880340576172
2706000049;-74.661277770996094;-95.909629821777344
2712000048;-74.028076171875;-100.87666320800781
2718000047;-73.920936584472656;-101.99365234375
2724000046;-72.578483581542969;-104.58156585693359
2730000045;-72.219619750976563;-103.78755950927734
2736000044;-72.059112548828125;-100.02150726318359
2742000043;-74.04315185546875;-100.38104248046875
2748000042;-71.032218933105469;-98.404083251953125
2754000041;-71.759262084960937;-105.91590881347656
2760000040;-73.107643127441406;-94.722579956054687
2766000039;-73.782867431640625;-97.375595092773438
2772000038;-71.4056396484375;-101.04579162597656
2778000037;-72.818000793457031;-101.14834594726562
2784000036;-70.766029357910156;-108.41635131835937
2790000035;-71.855659484863281;-99.097129821777344
2796000034;-72.33447265625;-96.255355834960938
2802000033;-71.161224365234375;-103.882568359375
2808000032;-68.468070983886719;-109.30002593994141
2814000031;-71.34454345703125;-106.43547821044922
2820000030;-70.7908935546875;-99.702926635742188
2826000029;-70.253013610839844;-96.928291320800781
2832000028;-72.099021911621094;-102.36459350585937
2838000027;-71.291961669921875;-96.567123413085938
2844000026;-68.843727111816406;-99.094680786132812
2850000025;-69.838668823242188;-103.42806243896484
2856000024;-71.619636535644531;-102.46938323974609
2862000023;-70.970405578613281;-98.553459167480469
2868000022;-71.091423034667969;-95.536811828613281
2874000021;-68.072525024414062;-115.39453125
2880000020;-71.380096435546875;-103.06514739990234
2886000019;-68.645973205566406;-99.067741394042969
2892000018;-70.781745910644531;-108.74834442138672
2898000017;-68.545921325683594;-113.56178283691406
2904000016;-69.941963195800781;-98.981056213378906
2910000015;-69.643760681152344;-96.011436462402344
2916000014;-70.370445251464844;-101.01592254638672
2922000013;-72.681449890136719;-97.97564697265625
2928000012;-69.799263000488281;-104.12273406982422
2934000011;-70.116073608398438;-105.59716796875
2940000010;-68.59674072265625;-100.68054962158203
2946000009;-69.168479919433594;-98.443252563476562
2952000008;-69.885597229003906;-103.53322601318359
2958000007;-71.840873718261719;-119.06902313232422
2964000006;-70.225776672363281;-94.158645629882813
2970000005;-71.362068176269531;-96.227615356445313
2976000004;-69.621795654296875;-99.584564208984375
2982000003;-71.460899353027344;-104.79196929931641
2988000002;-72.184036254882813;-107.77499389648437
2994000001;-71.377059936523438;-96.573158264160156
3000000000;-71.234550476074219;-102.21923828125
