Type;ZVL-3;
Version;3.31;
Date;28.Jan 18;
Mode;ANALYZER;
Center Freq;1500000250.000000;Hz
Freq Offset;0.000000;Hz
Span;2999999500.000000;Hz
x-Axis;LIN;
Start;500.000000;Hz
Stop;3000000000.000000;Hz
Ref Level;-20.000000;dBm
Level Offset;0.000000;dB
Ref Position;100.000000;%
y-Axis;LOG;
Level Range;100.000000;dB
Rf Att;0.000000;dB
RBW;3000000.000000;Hz
VBW;10000000.000000;Hz
SWT;0.005000;s
Trace Mode;CLR/WRITE;
Detector;AUTOPEAK;
Sweep Count;0;
Trace 1:;;
x-Unit;Hz;
y-Unit;dBm;
Preamplifier;OFF;
Transducer;OFF;
Values;501;
500;-1.8620376586914062;-53.831825256347656
6000499;-52.08148193359375;-89.461151123046875
12000498;-58.995826721191406;-95.052711486816406
18000497;-44.150463104248047;-97.638359069824219
24000496;-44.030086517333984;-89.144485473632813
30000495;-43.228767395019531;-91.238510131835938
36000494;-21.101760864257813;-89.665985107421875
42000493;-41.509857177734375;-83.468154907226562
48000492;-35.57025146484375;-88.175674438476563
54000491;-32.549201965332031;-96.364395141601563
60000490;-43.29412841796875;-86.7900390625
66000489;-38.120594024658203;-95.225845336914063
72000488;-46.361087799072266;-100.22878265380859
78000487;-46.937606811523438;-91.15692138671875
84000486;-39.884918212890625;-84.056831359863281
90000485;-42.700920104980469;-73.055229187011719
96000484;-36.519207000732422;-60.688064575195313
102000483;-36.300086975097656;-73.579429626464844
108000482;-42.476543426513672;-92.519317626953125
114000481;-54.838821411132813;-88.76239013671875
120000480;-50.587089538574219;-93.582962036132813
126000479;-50.977645874023438;-94.960617065429687
132000478;-58.562568664550781;-97.127418518066406
138000477;-62.624847412109375;-96.557533264160156
144000476;-58.420143127441406;-99.105682373046875
150000475;-61.908828735351562;-97.275299072265625
156000474;-47.560249328613281;-93.185554504394531
162000473;-55.413055419921875;-90.960105895996094
168000472;-37.157016754150391;-86.089912414550781
174000471;-49.409061431884766;-90.535614013671875
180000470;-35.226058959960938;-80.435997009277344
186000469;-32.732646942138672;-66.998695373535156
192000468;-34.033309936523438;-72.242469787597656
198000467;-44.962528228759766;-90.354873657226563
204000466;-53.383544921875;-119.95221710205078
210000465;-54.927745819091797;-96.832916259765625
216000464;-52.398738861083984;-98.677764892578125
222000463;-64.053558349609375;-93.300315856933594
228000462;-52.051406860351563;-92.504966735839844
234000461;-60.922676086425781;-102.03717803955078
240000460;-48.643707275390625;-95.932632446289063
246000459;-58.421188354492188;-103.18306732177734
252000458;-51.320449829101563;-90.009956359863281
258000457;-63.459163665771484;-102.34128570556641
264000456;-66.388885498046875;-98.549598693847656
270000455;-60.604419708251953;-101.12708282470703
276000454;-53.519149780273438;-93.754402160644531
282000453;-59.069465637207031;-94.280616760253906
288000452;-67.022895812988281;-99.224517822265625
294000451;-61.575592041015625;-97.608406066894531
300000450;-58.626701354980469;-89.302886962890625
306000449;-62.319492340087891;-95.711006164550781
312000448;-64.25421142578125;-102.30918121337891
318000447;-56.019687652587891;-99.549186706542969
324000446;-55.714805603027344;-104.77177429199219
330000445;-50.135093688964844;-97.258926391601563
336000444;-61.241416931152344;-96.653388977050781
342000443;-62.237361907958984;-99.50421142578125
348000442;-60.983497619628906;-105.3023681640625
354000441;-48.737834930419922;-94.821708679199219
360000440;-59.807273864746094;-97.487358093261719
366000439;-55.444183349609375;-97.392303466796875
372000438;-56.173698425292969;-84.574775695800781
378000437;-61.698387145996094;-101.37056732177734
384000436;-48.856761932373047;-92.490547180175781
390000435;-48.844112396240234;-88.254661560058594
396000434;-63.096687316894531;-106.22468566894531
402000433;-55.515804290771484;-97.3380126953125
408000432;-49.580001831054688;-98.497467041015625
414000431;-46.776035308837891;-91.657066345214844
420000430;-41.949626922607422;-74.049652099609375
426000429;-50.184310913085938;-76.585159301757813
432000428;-48.738204956054687;-98.14678955078125
438000427;-65.706352233886719;-90.644187927246094
444000426;-62.690196990966797;-96.055854797363281
450000425;-58.8016357421875;-103.47923278808594
456000424;-51.442470550537109;-96.380897521972656
462000423;-51.606170654296875;-87.037460327148438
468000422;-57.025421142578125;-97.888153076171875
474000421;-59.307754516601563;-95.452041625976563
480000420;-59.045413970947266;-103.5474853515625
486000419;-54.622676849365234;-98.823493957519531
492000418;-64.822982788085937;-94.758773803710938
498000417;-66.586456298828125;-95.062332153320313
504000416;-61.912528991699219;-98.117622375488281
510000415;-67.776969909667969;-99.114662170410156
516000414;-46.006278991699219;-80.798355102539062
522000413;-38.520828247070313;-90.944778442382812
528000412;-51.638671875;-93.291763305664062
534000411;-64.990066528320312;-96.906639099121094
540000410;-68.7532958984375;-107.49302673339844
546000409;-70.0576171875;-104.82056427001953
552000408;-69.448715209960938;-100.12580108642578
558000407;-68.645957946777344;-100.72628021240234
564000406;-70.856063842773438;-98.725967407226563
570000405;-53.707527160644531;-106.93351745605469
576000404;-44.555019378662109;-79.124282836914062
582000403;-43.706413269042969;-102.99024963378906
588000402;-69.400672912597656;-96.19000244140625
594000401;-70.442924499511719;-95.279350280761719
600000400;-69.779563903808594;-95.374191284179688
606000399;-70.920890808105469;-101.11468505859375
612000398;-69.765274047851563;-100.56840515136719
618000397;-69.300178527832031;-102.79950714111328
624000396;-67.371772766113281;-97.7730712890625
630000395;-67.632865905761719;-104.4454345703125
636000394;-69.178237915039063;-96.325828552246094
642000393;-71.361251831054688;-99.830009460449219
648000392;-65.63458251953125;-112.79610443115234
654000391;-70.484886169433594;-100.62689971923828
660000390;-69.992942810058594;-106.32527160644531
666000389;-66.4862060546875;-97.232963562011719
672000388;-69.691490173339844;-100.65266418457031
678000387;-71.638473510742188;-99.451568603515625
684000386;-66.065689086914063;-96.753578186035156
690000385;-65.042449951171875;-90.241950988769531
696000384;-69.679656982421875;-95.372718811035156
702000383;-70.273735046386719;-98.646209716796875
708000382;-69.710113525390625;-96.398635864257813
714000381;-70.571868896484375;-103.12694549560547
720000380;-67.561851501464844;-96.584007263183594
726000379;-48.497562408447266;-76.898727416992188
732000378;-47.500350952148438;-78.933807373046875
738000377;-67.110313415527344;-101.82686614990234
744000376;-68.677162170410156;-94.283973693847656
750000375;-67.455810546875;-99.033882141113281
756000374;-71.751190185546875;-104.17678833007812
762000373;-64.138938903808594;-103.67287445068359
768000372;-60.598770141601562;-86.895065307617188
774000371;-59.570091247558594;-102.43242645263672
780000370;-71.599937438964844;-97.953094482421875
786000369;-69.117286682128906;-96.065849304199219
792000368;-66.477584838867188;-87.607139587402344
798000367;-58.043014526367187;-96.630821228027344
804000366;-57.188480377197266;-92.145027160644531
810000365;-65.970787048339844;-96.763687133789063
816000364;-65.704544067382812;-87.61181640625
822000363;-70.364425659179688;-94.204765319824219
828000362;-68.554336547851562;-102.95140075683594
834000361;-70.113204956054687;-97.213127136230469
840000360;-70.505706787109375;-96.149215698242188
846000359;-70.839767456054688;-112.76833343505859
852000358;-69.022956848144531;-100.96026611328125
858000357;-70.250076293945313;-110.69065856933594
864000356;-71.562934875488281;-96.755226135253906
870000355;-70.499458312988281;-117.86207580566406
876000354;-70.230918884277344;-106.06507873535156
882000353;-69.737350463867187;-101.61336517333984
888000352;-68.439018249511719;-109.53343200683594
894000351;-71.187049865722656;-99.222366333007813
900000350;-72.204071044921875;-106.60586547851562
906000349;-70.850471496582031;-99.578170776367188
912000348;-68.587493896484375;-106.15641784667969
918000347;-68.19482421875;-102.41909790039062
924000346;-60.727752685546875;-93.512893676757813
930000345;-53.818939208984375;-89.731430053710938
936000344;-23.294454574584961;-61.812774658203125
942000343;-22.217844009399414;-63.540618896484375
948000342;-23.610805511474609;-79.954429626464844
954000341;-23.655658721923828;-64.019424438476562
960000340;-54.4169921875;-101.39664459228516
966000339;-71.3291015625;-102.84528350830078
972000338;-72.079391479492187;-109.33245086669922
978000337;-72.427047729492188;-113.53114318847656
984000336;-69.313644409179687;-95.376373291015625
990000335;-68.987266540527344;-103.17587280273437
996000334;-69.480621337890625;-101.26523590087891
1002000333;-70.968742370605469;-95.709396362304688
1008000332;-71.503150939941406;-96.078651428222656
1014000331;-73.300865173339844;-106.20394897460937
1020000330;-72.664985656738281;-123.44976806640625
1026000329;-69.530494689941406;-101.21177673339844
1032000328;-71.123817443847656;-101.27854156494141
1038000327;-71.523849487304688;-95.266876220703125
1044000326;-71.770195007324219;-105.86573791503906
1050000325;-72.171516418457031;-107.45486450195312
1056000324;-67.346359252929688;-103.38108062744141
1062000323;-71.860946655273438;-99.818313598632813
1068000322;-69.051979064941406;-112.82091522216797
1074000321;-73.012298583984375;-103.51272583007812
1080000320;-72.617416381835938;-101.40164184570312
1086000319;-69.583122253417969;-101.21031188964844
1092000318;-72.522117614746094;-94.947013854980469
1098000317;-72.071990966796875;-101.78902435302734
1104000316;-69.79931640625;-116.36138916015625
1110000315;-71.044792175292969;-103.856201171875
1116000314;-71.434394836425781;-113.34268951416016
1122000313;-69.973922729492188;-102.06204986572266
1128000312;-70.957862854003906;-97.273124694824219
1134000311;-71.166900634765625;-94.351829528808594
1140000310;-70.736793518066406;-106.68196105957031
1146000309;-72.03472900390625;-107.10350036621094
1152000308;-71.897102355957031;-107.08505249023437
1158000307;-69.163093566894531;-112.62607574462891
1164000306;-71.47637939453125;-104.82797241210937
1170000305;-70.213127136230469;-98.419998168945313
1176000304;-69.896339416503906;-110.951171875
1182000303;-71.124351501464844;-107.73715209960937
1188000302;-71.143684387207031;-107.7027587890625
1194000301;-68.428245544433594;-96.868141174316406
1200000300;-71.808876037597656;-96.886749267578125
1206000299;-69.66729736328125;-101.28603363037109
1212000298;-70.678375244140625;-96.424552917480469
1218000297;-71.397537231445313;-104.99360656738281
1224000296;-72.280288696289063;-98.084648132324219
1230000295;-70.975776672363281;-103.47998809814453
1236000294;-70.577072143554687;-98.376441955566406
1242000293;-71.334014892578125;-103.11497497558594
1248000292;-71.653350830078125;-101.77310180664062
1254000291;-70.564277648925781;-100.92775726318359
1260000290;-70.909294128417969;-104.16196441650391
1266000289;-72.034095764160156;-93.174293518066406
1272000288;-70.772285461425781;-99.083717346191406
1278000287;-71.054702758789063;-97.5177001953125
1284000286;-70.981735229492188;-100.22779083251953
1290000285;-72.636161804199219;-102.18939208984375
1296000284;-70.9451904296875;-98.3544921875
1302000283;-71.475181579589844;-111.02777099609375
1308000282;-70.179191589355469;-100.64070892333984
1314000281;-69.305068969726563;-103.57215881347656
1320000280;-69.363128662109375;-92.36285400390625
1326000279;-72.168075561523437;-98.553329467773438
1332000278;-68.958061218261719;-99.670326232910156
1338000277;-69.3289794921875;-92.290580749511719
1344000276;-73.07586669921875;-100.23276519775391
1350000275;-68.45733642578125;-93.53546142578125
1356000274;-70.083076477050781;-101.86293792724609
1362000273;-71.062698364257813;-94.539016723632813
1368000272;-71.173049926757813;-98.382286071777344
1374000271;-69.729278564453125;-101.16393280029297
1380000270;-71.090530395507812;-97.762069702148438
1386000269;-70.161697387695313;-96.38037109375
1392000268;-72.220252990722656;-97.148147583007812
1398000267;-69.463630676269531;-99.245162963867188
1404000266;-70.40203857421875;-109.42333221435547
1410000265;-72.3543701171875;-95.144325256347656
1416000264;-71.735870361328125;-101.41574859619141
1422000263;-71.015312194824219;-107.22872924804687
1428000262;-70.523025512695313;-95.804344177246094
1434000261;-70.024879455566406;-97.691764831542969
1440000260;-70.639846801757813;-94.804664611816406
1446000259;-73.175910949707031;-106.98874664306641
1452000258;-71.183403015136719;-100.59592437744141
1458000257;-70.195060729980469;-98.259696960449219
1464000256;-70.910507202148438;-103.33034515380859
1470000255;-69.061775207519531;-107.69683837890625
1476000254;-72.217353820800781;-105.03120422363281
1482000253;-70.973609924316406;-100.96224975585937
1488000252;-69.059715270996094;-117.65023040771484
1494000251;-72.292304992675781;-98.100555419921875
1500000250;-70.863304138183594;-103.14704132080078
1506000249;-71.396255493164063;-109.08512115478516
1512000248;-69.941268920898437;-98.716728210449219
1518000247;-70.227561950683594;-102.96051788330078
1524000246;-70.90936279296875;-97.425437927246094
1530000245;-71.660011291503906;-124.03813171386719
1536000244;-71.157119750976563;-113.43586730957031
1542000243;-69.989273071289063;-100.02840423583984
1548000242;-71.630226135253906;-106.68684387207031
1554000241;-72.653656005859375;-97.124862670898438
1560000240;-71.349983215332031;-101.40096282958984
1566000239;-69.496994018554688;-102.46537017822266
1572000238;-71.502250671386719;-100.12140655517578
1578000237;-72.756965637207031;-104.41557312011719
1584000236;-71.172714233398438;-105.7095947265625
1590000235;-73.561882019042969;-96.8179931640625
1596000234;-71.370491027832031;-116.72620391845703
1602000233;-73.436676025390625;-98.014884948730469
1608000232;-71.881263732910156;-101.80540466308594
1614000231;-69.655036926269531;-109.48686218261719
1620000230;-69.731903076171875;-93.968894958496094
1626000229;-71.056037902832031;-98.951019287109375
1632000228;-74.155303955078125;-103.51056671142578
1638000227;-74.114250183105469;-104.00498199462891
1644000226;-73.082939147949219;-93.590019226074219
1650000225;-72.594650268554687;-109.98457336425781
1656000224;-72.936241149902344;-95.273887634277344
1662000223;-71.584037780761719;-103.68994140625
1668000222;-70.919387817382813;-95.484039306640625
1674000221;-72.201583862304688;-105.95185852050781
1680000220;-71.837745666503906;-105.15448760986328
1686000219;-72.393119812011719;-102.65312957763672
1692000218;-71.619400024414063;-111.86516571044922
1698000217;-72.048393249511719;-99.921363830566406
1704000216;-71.922515869140625;-97.025550842285156
1710000215;-72.920158386230469;-108.79962921142578
1716000214;-71.971893310546875;-100.93308258056641
1722000213;-68.607742309570313;-99.202827453613281
1728000212;-70.266792297363281;-98.597785949707031
1734000211;-72.963768005371094;-102.23779296875
1740000210;-73.285316467285156;-116.61087036132812
1746000209;-74.223518371582031;-102.73502349853516
1752000208;-73.135917663574219;-98.89910888671875
1758000207;-72.474517822265625;-106.91352081298828
1764000206;-73.386566162109375;-103.1171875
1770000205;-70.607048034667969;-103.11457061767578
1776000204;-70.886314392089844;-113.09011840820313
1782000203;-71.328788757324219;-94.429374694824219
1788000202;-70.079124450683594;-94.6461181640625
1794000201;-74.398635864257813;-100.62924957275391
1800000200;-70.811599731445313;-97.230476379394531
1806000199;-62.292312622070313;-97.296897888183594
1812000198;-53.212825775146484;-96.211479187011719
1818000197;-57.950847625732422;-81.424720764160156
1824000196;-64.372940063476562;-94.444664001464844
1830000195;-61.657058715820312;-92.172897338867188
1836000194;-50.613552093505859;-87.991737365722656
1842000193;-32.986076354980469;-62.478298187255859
1848000192;-33.613262176513672;-60.022525787353516
1854000191;-35.439243316650391;-77.2642822265625
1860000190;-56.509918212890625;-82.110000610351563
1866000189;-55.015155792236328;-83.212623596191406
1872000188;-53.240665435791016;-90.05706787109375
1878000187;-54.880779266357422;-100.26608276367187
1884000186;-70.053543090820313;-112.21550750732422
1890000185;-70.17431640625;-99.345291137695313
1896000184;-69.507080078125;-100.08690643310547
1902000183;-69.828231811523437;-106.72575378417969
1908000182;-73.287826538085938;-104.37619018554687
1914000181;-72.211753845214844;-100.13761138916016
1920000180;-71.96771240234375;-95.989028930664063
1926000179;-74.221183776855469;-102.93527221679687
1932000178;-71.012672424316406;-101.72313690185547
1938000177;-71.7406005859375;-101.47976684570312
1944000176;-72.449508666992187;-101.88063812255859
1950000175;-73.683761596679688;-121.41464233398437
1956000174;-71.675888061523438;-95.523330688476563
1962000173;-71.676353454589844;-99.331924438476563
1968000172;-72.9390869140625;-100.60185241699219
1974000171;-72.306144714355469;-108.52349853515625
1980000170;-72.556381225585938;-98.659141540527344
1986000169;-70.34027099609375;-99.784721374511719
1992000168;-71.990280151367188;-99.0367431640625
1998000167;-70.118507385253906;-100.08184814453125
2004000166;-72.438591003417969;-96.961692810058594
2010000165;-73.25189208984375;-102.03964996337891
2016000164;-72.155738830566406;-104.78342437744141
2022000163;-70.203277587890625;-106.75983428955078
2028000162;-69.811485290527344;-107.17707061767578
2034000161;-70.819068908691406;-120.1951904296875
2040000160;-69.532905578613281;-102.89214324951172
2046000159;-72.136665344238281;-110.92545318603516
2052000158;-73.461753845214844;-99.094703674316406
2058000157;-71.4263916015625;-99.779800415039062
2064000156;-71.8017578125;-97.606391906738281
2070000155;-73.4345703125;-99.592399597167969
2076000154;-71.375442504882813;-102.08960723876953
2082000153;-71.152435302734375;-102.92942047119141
2088000152;-73.813209533691406;-97.471038818359375
2094000151;-69.769966125488281;-108.05243682861328
2100000150;-70.739425659179688;-108.65687561035156
2106000149;-69.76080322265625;-100.16139984130859
2112000148;-33.575897216796875;-66.447036743164063
2118000147;-35.730239868164062;-66.956039428710938
2124000146;-37.4786376953125;-64.355987548828125
2130000145;-35.615150451660156;-70.131515502929687
2136000144;-34.269950866699219;-58.759914398193359
2142000143;-36.356403350830078;-92.496490478515625
2148000142;-58.193595886230469;-81.955650329589844
2154000141;-41.818336486816406;-77.248428344726563
2160000140;-40.443077087402344;-71.87457275390625
2166000139;-36.103847503662109;-69.392478942871094
2172000138;-36.13104248046875;-90.810081481933594
2178000137;-72.198066711425781;-102.12489318847656
2184000136;-70.583587646484375;-102.45294189453125
2190000135;-72.788223266601563;-99.244224548339844
2196000134;-71.078659057617188;-101.33289337158203
2202000133;-72.549568176269531;-103.07987976074219
2208000132;-73.059516906738281;-103.19538879394531
2214000131;-72.925697326660156;-112.52105712890625
2220000130;-73.997398376464844;-100.26892852783203
2226000129;-72.876243591308594;-101.920166015625
2232000128;-73.682113647460938;-96.70025634765625
2238000127;-72.570755004882813;-113.13218688964844
2244000126;-72.858573913574219;-97.896430969238281
2250000125;-73.735931396484375;-105.0760498046875
2256000124;-71.078155517578125;-106.44200897216797
2262000123;-72.292160034179687;-105.773193359375
2268000122;-73.250015258789062;-104.49604034423828
2274000121;-73.757560729980469;-105.76810455322266
2280000120;-71.712448120117188;-111.17290496826172
2286000119;-73.840904235839844;-110.23801422119141
2292000118;-73.666656494140625;-101.37671661376953
2298000117;-73.964622497558594;-105.09323883056641
2304000116;-73.881805419921875;-102.91925811767578
2310000115;-73.157569885253906;-117.30219268798828
2316000114;-71.933570861816406;-111.98793029785156
2322000113;-74.98382568359375;-119.70063018798828
2328000112;-72.652473449707031;-108.34011077880859
2334000111;-71.594696044921875;-103.30799865722656
2340000110;-72.013565063476563;-104.63553619384766
2346000109;-72.909088134765625;-106.05963897705078
2352000108;-72.972679138183594;-103.28266143798828
2358000107;-75.042526245117188;-103.15679168701172
2364000106;-73.90081787109375;-105.70286560058594
2370000105;-73.772933959960937;-102.00977325439453
2376000104;-72.599723815917969;-103.44122314453125
2382000103;-71.830169677734375;-96.981941223144531
2388000102;-70.248634338378906;-104.0491943359375
2394000101;-71.727287292480469;-99.511688232421875
2400000100;-68.895011901855469;-102.05435180664062
2406000099;-71.648612976074219;-92.980567932128906
2412000098;-70.944992065429687;-99.827705383300781
2418000097;-72.416191101074219;-101.43204498291016
2424000096;-71.011329650878906;-94.828018188476563
2430000095;-71.537857055664063;-100.26126098632812
2436000094;-73.91302490234375;-100.10570526123047
2442000093;-72.5040283203125;-117.41661834716797
2448000092;-72.357002258300781;-102.48409271240234
2454000091;-69.75775146484375;-102.06846618652344
2460000090;-72.739906311035156;-109.95601654052734
2466000089;-71.1790771484375;-135.22877502441406
2472000088;-73.507614135742187;-99.702804565429688
2478000087;-71.920562744140625;-113.99662780761719
2484000086;-70.777198791503906;-104.26315307617187
2490000085;-72.869178771972656;-114.43405151367187
2496000084;-72.876243591308594;-111.63423156738281
2502000083;-72.055023193359375;-116.0418701171875
2508000082;-72.647628784179688;-100.28554534912109
2514000081;-73.514694213867188;-103.36402893066406
2520000080;-72.067794799804688;-109.37456512451172
2526000079;-73.291740417480469;-98.748443603515625
2532000078;-70.685440063476563;-97.957023620605469
2538000077;-73.602851867675781;-106.28970336914062
2544000076;-71.118026733398438;-105.84962463378906
2550000075;-73.176704406738281;-100.43315124511719
2556000074;-71.630447387695313;-105.84671020507812
2562000073;-72.258003234863281;-99.23876953125
2568000072;-73.19049072265625;-104.0802001953125
2574000071;-72.010948181152344;-96.358818054199219
2580000070;-71.734275817871094;-110.10211181640625
2586000069;-71.32684326171875;-99.762496948242188
2592000068;-73.43408203125;-98.387763977050781
2598000067;-72.027862548828125;-113.99179840087891
2604000066;-73.798049926757813;-98.549156188964844
2610000065;-73.40338134765625;-108.47617340087891
2616000064;-72.140983581542969;-100.58734130859375
2622000063;-72.870124816894531;-97.270965576171875
2628000062;-71.780052185058594;-104.71218109130859
2634000061;-72.017196655273437;-113.23336029052734
2640000060;-59.626773834228516;-99.015388488769531
2646000059;-50.434883117675781;-82.875167846679688
2652000058;-54.337863922119141;-83.586662292480469
2658000057;-50.199268341064453;-88.58392333984375
2664000056;-49.422401428222656;-75.710731506347656
2670000055;-47.984386444091797;-83.198127746582031
2676000054;-57.106666564941406;-91.5059814453125
2682000053;-62.533329010009766;-91.043235778808594
2688000052;-63.391426086425781;-96.613449096679688
2694000051;-66.848747253417969;-95.890220642089844
2700000050;-73.063682556152344;-99.353607177734375
2706000049;-74.859550476074219;-102.01841735839844
2712000048;-71.826118469238281;-98.664283752441406
2718000047;-71.576217651367187;-99.226097106933594
2724000046;-73.422874450683594;-101.04637908935547
2730000045;-73.042724609375;-105.50057220458984
2736000044;-72.28485107421875;-105.7139892578125
2742000043;-71.568824768066406;-99.596817016601563
2748000042;-72.802864074707031;-100.54518890380859
2754000041;-72.988365173339844;-99.717643737792969
2760000040;-71.7159423828125;-111.89963531494141
2766000039;-71.439720153808594;-102.22213745117187
2772000038;-72.505805969238281;-100.14659881591797
2778000037;-71.607398986816406;-109.67728424072266
2784000036;-68.957672119140625;-96.83673095703125
2790000035;-71.352607727050781;-93.527725219726563
2796000034;-70.874412536621094;-100.60820770263672
2802000033;-71.164154052734375;-111.09541320800781
2808000032;-72.102226257324219;-95.972465515136719
2814000031;-71.501861572265625;-104.81784057617187
2820000030;-70.015190124511719;-98.60791015625
2826000029;-73.840583801269531;-103.99948120117187
2832000028;-71.061653137207031;-95.192558288574219
2838000027;-71.290489196777344;-93.615348815917969
2844000026;-69.9830322265625;-111.53343200683594
2850000025;-71.399192810058594;-124.29786682128906
2856000024;-71.34613037109375;-105.74073791503906
2862000023;-70.778511047363281;-103.56601715087891
2868000022;-71.164726257324219;-94.485382080078125
2874000021;-70.305435180664063;-98.263809204101563
2880000020;-71.125213623046875;-103.56708526611328
2886000019;-70.440689086914062;-105.61087036132812
2892000018;-68.992156982421875;-95.723350524902344
2898000017;-71.044288635253906;-98.139656066894531
2904000016;-70.169929504394531;-91.994514465332031
2910000015;-70.446456909179688;-98.540473937988281
2916000014;-70.296539306640625;-113.42547607421875
2922000013;-71.985595703125;-108.13344573974609
2928000012;-71.127967834472656;-104.73545837402344
2934000011;-70.193382263183594;-98.407203674316406
2940000010;-68.448585510253906;-106.99002838134766
2946000009;-70.586380004882813;-101.11936187744141
2952000008;-71.923210144042969;-104.41428375244141
2958000007;-70.55072021484375;-107.22135162353516
2964000006;-67.492706298828125;-101.86614227294922
2970000005;-68.809196472167969;-98.951126098632813
2976000004;-72.711273193359375;-95.743576049804687
2982000003;-71.17657470703125;-102.60908508300781
2988000002;-70.322158813476562;-101.19526672363281
2994000001;-71.795722961425781;-100.35504913330078
3000000000;-71.544883728027344;-98.116935729980469
