Type;ZVL-3;
Version;3.31;
Date;28.Jan 18;
Mode;ANALYZER;
Center Freq;1500000250.000000;Hz
Freq Offset;0.000000;Hz
Span;2999999500.000000;Hz
x-Axis;LIN;
Start;500.000000;Hz
Stop;3000000000.000000;Hz
Ref Level;-20.000000;dBm
Level Offset;0.000000;dB
Ref Position;100.000000;%
y-Axis;LOG;
Level Range;100.000000;dB
Rf Att;0.000000;dB
RBW;3000000.000000;Hz
VBW;10000000.000000;Hz
SWT;0.005000;s
Trace Mode;CLR/WRITE;
Detector;AUTOPEAK;
Sweep Count;0;
Trace 1:;;
x-Unit;Hz;
y-Unit;dBm;
Preamplifier;OFF;
Transducer;OFF;
Values;501;
500;-1.8630217313766479;-52.158309936523438
6000499;-52.570625305175781;-99.897178649902344
12000498;-51.730304718017578;-88.911155700683594
18000497;-51.081623077392578;-98.611282348632812
24000496;-51.94061279296875;-98.415138244628906
30000495;-43.945705413818359;-92.483360290527344
36000494;-46.019515991210937;-89.776702880859375
42000493;-43.594707489013672;-97.318489074707031
48000492;-20.888801574707031;-97.033927917480469
54000491;-44.165943145751953;-92.632194519042969
60000490;-55.349609375;-91.582832336425781
66000489;-39.290824890136719;-93.509521484375
72000488;-50.963871002197266;-94.28338623046875
78000487;-44.621837615966797;-107.63968658447266
84000486;-41.309284210205078;-93.774932861328125
90000485;-40.379840850830078;-79.030792236328125
96000484;-38.057941436767578;-64.128059387207031
102000483;-38.901100158691406;-71.538864135742187
108000482;-46.758838653564453;-95.500541687011719
114000481;-55.619487762451172;-96.482475280761719
120000480;-56.996006011962891;-94.126258850097656
126000479;-56.020454406738281;-104.44975280761719
132000478;-67.051017761230469;-111.15735626220703
138000477;-58.073581695556641;-99.029129028320313
144000476;-62.978118896484375;-119.82452392578125
150000475;-56.165706634521484;-95.318824768066406
156000474;-56.897098541259766;-95.776313781738281
162000473;-49.391262054443359;-83.970993041992188
168000472;-45.032699584960937;-81.770561218261719
174000471;-42.019680023193359;-92.700149536132813
180000470;-36.146125793457031;-74.439666748046875
186000469;-39.429653167724609;-66.27191162109375
192000468;-34.12066650390625;-63.305328369140625
198000467;-53.75421142578125;-97.103874206542969
204000466;-52.131095886230469;-103.63432312011719
210000465;-52.175304412841797;-98.560340881347656
216000464;-62.381591796875;-94.719093322753906
222000463;-51.715255737304688;-97.022705078125
228000462;-52.923175811767578;-93.728897094726563
234000461;-54.229873657226563;-99.224800109863281
240000460;-58.316787719726563;-96.521263122558594
246000459;-51.425022125244141;-88.887977600097656
252000458;-64.23370361328125;-100.54633331298828
258000457;-52.440391540527344;-98.788200378417969
264000456;-52.717044830322266;-103.76119995117187
270000455;-69.672767639160156;-107.94138336181641
276000454;-59.787979125976563;-95.260627746582031
282000453;-66.586128234863281;-98.774276733398438
288000452;-67.105110168457031;-94.296760559082031
294000451;-59.276657104492188;-96.150299072265625
300000450;-59.526226043701172;-100.14833831787109
306000449;-66.846382141113281;-96.269302368164063
312000448;-59.689121246337891;-95.884902954101563
318000447;-64.060958862304688;-103.91739654541016
324000446;-62.126895904541016;-97.090446472167969
330000445;-66.894523620605469;-100.99880981445312
336000444;-59.310325622558594;-105.59474182128906
342000443;-54.756328582763672;-98.014518737792969
348000442;-64.967910766601563;-97.177833557128906
354000441;-63.807304382324219;-98.40087890625
360000440;-59.902626037597656;-100.01631164550781
366000439;-52.072559356689453;-91.84844970703125
372000438;-62.355571746826172;-102.47461700439453
378000437;-57.288528442382813;-109.79317474365234
384000436;-51.855319976806641;-86.756721496582031
390000435;-44.165725708007813;-89.503471374511719
396000434;-57.049571990966797;-99.781631469726563
402000433;-58.393501281738281;-91.058509826660156
408000432;-51.024116516113281;-99.377876281738281
414000431;-43.604660034179688;-92.4775390625
420000430;-36.793380737304687;-69.367385864257813
426000429;-49.737430572509766;-77.621780395507813
432000428;-53.37054443359375;-99.091804504394531
438000427;-63.504119873046875;-95.438247680664063
444000426;-68.732170104980469;-106.63776397705078
450000425;-56.996124267578125;-101.65202331542969
456000424;-57.630622863769531;-97.492050170898437
462000423;-56.605728149414062;-87.314308166503906
468000422;-59.211521148681641;-88.936653137207031
474000421;-53.860458374023438;-91.997207641601563
480000420;-69.61126708984375;-97.496467590332031
486000419;-61.439022064208984;-94.249755859375
492000418;-59.038417816162109;-92.654861450195313
498000417;-59.043601989746094;-93.436553955078125
504000416;-68.804847717285156;-102.99124908447266
510000415;-66.410377502441406;-102.333984375
516000414;-56.809062957763672;-88.324234008789063
522000413;-45.493721008300781;-81.54974365234375
528000412;-55.081253051757813;-98.619514465332031
534000411;-67.66070556640625;-98.283973693847656
540000410;-70.129531860351563;-98.282073974609375
546000409;-66.141036987304687;-104.13698577880859
552000408;-64.427337646484375;-100.90692138671875
558000407;-71.721229553222656;-93.858665466308594
564000406;-70.753875732421875;-99.361434936523438
570000405;-47.644287109375;-104.05461883544922
576000404;-46.055973052978516;-78.80596923828125
582000403;-43.929332733154297;-103.52628326416016
588000402;-71.33245849609375;-101.39060974121094
594000401;-70.476104736328125;-96.733551025390625
600000400;-72.407600402832031;-108.07135009765625
606000399;-71.729751586914063;-101.64936828613281
612000398;-70.440483093261719;-110.78460693359375
618000397;-73.270828247070312;-110.19773101806641
624000396;-68.209724426269531;-95.797416687011719
630000395;-70.528678894042969;-101.74215698242187
636000394;-65.498558044433594;-97.712432861328125
642000393;-68.598548889160156;-95.914566040039063
648000392;-70.383621215820313;-96.868576049804688
654000391;-60.365543365478516;-102.39510345458984
660000390;-70.30718994140625;-113.74039459228516
666000389;-70.485649108886719;-101.52449798583984
672000388;-70.208145141601563;-110.61203765869141
678000387;-71.146560668945313;-96.277351379394531
684000386;-65.53094482421875;-104.10469818115234
690000385;-63.286319732666016;-93.880645751953125
696000384;-66.153556823730469;-106.37629699707031
702000383;-71.239303588867187;-99.032112121582031
708000382;-69.23638916015625;-99.826278686523438
714000381;-69.894866943359375;-100.14045715332031
720000380;-68.697021484375;-97.42401123046875
726000379;-50.876121520996094;-81.840850830078125
732000378;-52.227413177490234;-81.125999450683594
738000377;-69.100303649902344;-105.58376312255859
744000376;-71.0692138671875;-101.88201141357422
750000375;-73.765327453613281;-94.842666625976563
756000374;-71.285957336425781;-96.436103820800781
762000373;-67.657669067382812;-97.125999450683594
768000372;-57.857460021972656;-88.287208557128906
774000371;-56.798603057861328;-99.354438781738281
780000370;-70.281608581542969;-104.3824462890625
786000369;-55.510890960693359;-100.64119720458984
792000368;-48.325008392333984;-72.917488098144531
798000367;-47.153961181640625;-80.173179626464844
804000366;-52.308609008789063;-98.755172729492187
810000365;-47.924808502197266;-79.357894897460938
816000364;-54.236049652099609;-84.764595031738281
822000363;-66.765487670898438;-95.7073974609375
828000362;-71.645660400390625;-98.872917175292969
834000361;-69.827476501464844;-96.151885986328125
840000360;-72.272697448730469;-101.90825653076172
846000359;-70.412269592285156;-101.02278137207031
852000358;-70.725128173828125;-103.11917877197266
858000357;-67.75640869140625;-95.598342895507813
864000356;-70.290756225585938;-114.91399383544922
870000355;-68.451011657714844;-101.31744384765625
876000354;-67.149566650390625;-98.837295532226562
882000353;-69.735733032226562;-97.344039916992188
888000352;-70.179298400878906;-102.98788452148437
894000351;-70.854682922363281;-100.42295074462891
900000350;-71.175888061523438;-96.814430236816406
906000349;-68.941162109375;-98.544364929199219
912000348;-69.299041748046875;-102.24877166748047
918000347;-69.890220642089844;-96.090324401855469
924000346;-60.664539337158203;-117.10223388671875
930000345;-57.120246887207031;-99.511848449707031
936000344;-26.723958969116211;-65.830856323242188
942000343;-24.724712371826172;-66.500579833984375
948000342;-26.271490097045898;-84.537666320800781
954000341;-28.15162467956543;-73.238609313964844
960000340;-58.698593139648438;-108.96318054199219
966000339;-70.098640441894531;-103.93614959716797
972000338;-70.080329895019531;-104.19689178466797
978000337;-70.406219482421875;-100.14265441894531
984000336;-69.128898620605469;-95.676254272460938
990000335;-69.07745361328125;-93.87762451171875
996000334;-70.418846130371094;-105.23893737792969
1002000333;-69.403419494628906;-108.84024810791016
1008000332;-71.491790771484375;-121.38385772705078
1014000331;-71.988929748535156;-103.81798553466797
1020000330;-73.034782409667969;-101.49711608886719
1026000329;-70.926475524902344;-100.44029998779297
1032000328;-70.182525634765625;-97.656478881835938
1038000327;-72.295341491699219;-105.42314910888672
1044000326;-70.847190856933594;-107.79055786132812
1050000325;-71.612350463867188;-101.80331420898437
1056000324;-72.284980773925781;-103.43505859375
1062000323;-70.398460388183594;-98.013473510742188
1068000322;-71.946670532226563;-117.226806640625
1074000321;-72.130989074707031;-100.35865020751953
1080000320;-69.342491149902344;-96.868408203125
1086000319;-71.101432800292969;-98.534103393554688
1092000318;-70.367355346679688;-100.44439697265625
1098000317;-71.011405944824219;-103.87015533447266
1104000316;-71.272926330566406;-101.56728363037109
1110000315;-71.051101684570313;-94.41436767578125
1116000314;-72.149017333984375;-105.63220977783203
1122000313;-69.964469909667969;-98.67071533203125
1128000312;-71.905838012695312;-93.006607055664063
1134000311;-69.576583862304688;-101.87395477294922
1140000310;-69.681671142578125;-96.032638549804687
1146000309;-71.256263732910156;-97.019447326660156
1152000308;-71.520301818847656;-98.230064392089844
1158000307;-69.473762512207031;-101.24913024902344
1164000306;-69.732078552246094;-94.091522216796875
1170000305;-70.965011596679687;-107.22736358642578
1176000304;-71.761085510253906;-105.03064727783203
1182000303;-69.228736877441406;-124.99470520019531
1188000302;-70.850852966308594;-95.149269104003906
1194000301;-71.278861999511719;-102.99885559082031
1200000300;-70.845733642578125;-103.09395599365234
1206000299;-72.133522033691406;-97.052543640136719
1212000298;-71.476142883300781;-93.858283996582031
1218000297;-69.537826538085938;-96.567947387695312
1224000296;-70.443443298339844;-99.089187622070313
1230000295;-71.156890869140625;-103.59616851806641
1236000294;-69.348716735839844;-98.232589721679688
1242000293;-70.4326171875;-98.816802978515625
1248000292;-67.478782653808594;-95.764884948730469
1254000291;-69.477561950683594;-95.305335998535156
1260000290;-71.514091491699219;-93.067642211914063
1266000289;-72.278884887695312;-99.772735595703125
1272000288;-70.573570251464844;-104.67089080810547
1278000287;-69.814643859863281;-100.55000305175781
1284000286;-70.921173095703125;-103.95017242431641
1290000285;-70.548568725585937;-110.15899658203125
1296000284;-71.859565734863281;-101.42162322998047
1302000283;-69.490463256835938;-95.971061706542969
1308000282;-70.180709838867187;-99.357147216796875
1314000281;-70.770500183105469;-98.070075988769531
1320000280;-71.350440979003906;-103.52626800537109
1326000279;-69.724395751953125;-103.36748504638672
1332000278;-67.753807067871094;-97.741767883300781
1338000277;-69.495101928710938;-98.150909423828125
1344000276;-70.328475952148438;-98.3472900390625
1350000275;-69.478660583496094;-108.01040649414063
1356000274;-71.992645263671875;-98.940963745117187
1362000273;-69.590705871582031;-103.19609832763672
1368000272;-71.401222229003906;-101.52055358886719
1374000271;-70.506645202636719;-110.49047088623047
1380000270;-70.756744384765625;-96.614852905273437
1386000269;-71.55322265625;-92.574653625488281
1392000268;-67.949356079101563;-110.15374755859375
1398000267;-70.155441284179687;-109.12996673583984
1404000266;-71.89019775390625;-100.26596832275391
1410000265;-69.95782470703125;-103.69468688964844
1416000264;-73.944236755371094;-100.33843231201172
1422000263;-70.574760437011719;-105.30720520019531
1428000262;-70.789321899414063;-99.918418884277344
1434000261;-69.25384521484375;-114.86405944824219
1440000260;-70.971923828125;-100.63498687744141
1446000259;-69.235794067382813;-96.257400512695313
1452000258;-68.618438720703125;-110.14183044433594
1458000257;-70.979263305664063;-104.48959350585937
1464000256;-70.948150634765625;-110.75810241699219
1470000255;-70.355209350585938;-100.44293212890625
1476000254;-71.564140319824219;-98.148399353027344
1482000253;-72.206809997558594;-103.17226409912109
1488000252;-71.433235168457031;-96.616348266601563
1494000251;-70.591789245605469;-101.669921875
1500000250;-70.138931274414063;-114.45229339599609
1506000249;-71.611053466796875;-102.89890289306641
1512000248;-70.058120727539063;-102.37078857421875
1518000247;-69.135108947753906;-96.698684692382812
1524000246;-69.834526062011719;-98.538459777832031
1530000245;-69.87237548828125;-104.19007110595703
1536000244;-71.379043579101563;-103.01240539550781
1542000243;-71.6881103515625;-96.275001525878906
1548000242;-70.79119873046875;-102.36403656005859
1554000241;-70.770751953125;-98.543121337890625
1560000240;-69.56011962890625;-99.412010192871094
1566000239;-72.5751953125;-102.72328186035156
1572000238;-72.347358703613281;-104.12848663330078
1578000237;-71.305625915527344;-101.01964569091797
1584000236;-69.921295166015625;-114.18478393554687
1590000235;-70.926734924316406;-107.86244201660156
1596000234;-70.831329345703125;-92.823936462402344
1602000233;-70.781517028808594;-103.2198486328125
1608000232;-72.751091003417969;-109.43425750732422
1614000231;-70.935760498046875;-95.490737915039063
1620000230;-73.447135925292969;-101.56784057617187
1626000229;-71.218254089355469;-116.00050354003906
1632000228;-69.17724609375;-104.14350891113281
1638000227;-69.459251403808594;-105.05640411376953
1644000226;-72.239822387695312;-98.894760131835938
1650000225;-72.673873901367188;-111.83034515380859
1656000224;-72.494583129882813;-98.093284606933594
1662000223;-70.689414978027344;-98.452201843261719
1668000222;-72.341163635253906;-103.96804046630859
1674000221;-69.741371154785156;-96.156600952148437
1680000220;-70.542854309082031;-100.92929840087891
1686000219;-70.619003295898438;-96.3759765625
1692000218;-71.531898498535156;-107.13758087158203
1698000217;-72.133956909179687;-99.058837890625
1704000216;-73.835372924804688;-98.715690612792969
1710000215;-71.341751098632812;-102.58795166015625
1716000214;-71.901969909667969;-98.0294189453125
1722000213;-72.259719848632812;-102.69973754882812
1728000212;-71.6495361328125;-106.01346588134766
1734000211;-70.070938110351562;-106.54501342773437
1740000210;-71.531639099121094;-98.730201721191406
1746000209;-72.273391723632812;-98.968276977539063
1752000208;-70.509002685546875;-107.09917449951172
1758000207;-72.990425109863281;-102.79362487792969
1764000206;-72.134803771972656;-109.24622344970703
1770000205;-73.145210266113281;-104.69646453857422
1776000204;-73.212936401367188;-106.92173004150391
1782000203;-72.413330078125;-98.289031982421875
1788000202;-71.085853576660156;-106.13078308105469
1794000201;-71.392257690429687;-108.99700927734375
1800000200;-73.682708740234375;-112.44551086425781
1806000199;-64.115776062011719;-95.85443115234375
1812000198;-58.733642578125;-82.224029541015625
1818000197;-63.224384307861328;-89.616722106933594
1824000196;-66.850624084472656;-94.357978820800781
1830000195;-63.357261657714844;-91.411849975585938
1836000194;-59.0887451171875;-91.347740173339844
1842000193;-37.915821075439453;-72.452880859375
1848000192;-38.497467041015625;-67.679000854492188
1854000191;-39.852909088134766;-89.593795776367188
1860000190;-64.913536071777344;-90.610275268554688
1866000189;-61.880348205566406;-89.486183166503906
1872000188;-57.475101470947266;-92.441085815429687
1878000187;-58.783008575439453;-112.49654388427734
1884000186;-72.734375;-102.22697448730469
1890000185;-70.468070983886719;-99.023887634277344
1896000184;-73.169418334960938;-110.86472320556641
1902000183;-71.407424926757812;-100.63713073730469
1908000182;-72.646652221679688;-107.7664794921875
1914000181;-70.824806213378906;-103.5040283203125
1920000180;-70.768630981445313;-104.97368621826172
1926000179;-73.372978210449219;-105.23860931396484
1932000178;-71.587593078613281;-98.120292663574219
1938000177;-72.43017578125;-95.167022705078125
1944000176;-70.540107727050781;-103.10991668701172
1950000175;-73.422782897949219;-105.62917327880859
1956000174;-73.4761962890625;-122.05590057373047
1962000173;-72.851692199707031;-113.07904815673828
1968000172;-71.560760498046875;-100.53071594238281
1974000171;-71.294891357421875;-96.761573791503906
1980000170;-72.395805358886719;-98.933616638183594
1986000169;-69.679931640625;-106.84625244140625
1992000168;-71.665992736816406;-92.131210327148438
1998000167;-68.469245910644531;-105.62388610839844
2004000166;-71.758857727050781;-118.84561920166016
2010000165;-70.945106506347656;-93.563774108886719
2016000164;-71.323127746582031;-99.608375549316406
2022000163;-71.187744140625;-107.18296051025391
2028000162;-73.310249328613281;-98.92767333984375
2034000161;-70.848419189453125;-101.75403594970703
2040000160;-71.194580078125;-100.65093231201172
2046000159;-70.749542236328125;-104.89947509765625
2052000158;-70.371925354003906;-131.44187927246094
2058000157;-70.632530212402344;-105.08404541015625
2064000156;-71.347274780273437;-99.203994750976563
2070000155;-70.921867370605469;-104.11370849609375
2076000154;-72.064842224121094;-95.661392211914063
2082000153;-69.726707458496094;-105.65697479248047
2088000152;-72.213264465332031;-99.0811767578125
2094000151;-72.7830810546875;-97.743980407714844
2100000150;-69.837020874023437;-101.73389434814453
2106000149;-65.291023254394531;-109.68534851074219
2112000148;-35.192813873291016;-65.195213317871094
2118000147;-33.719657897949219;-61.47747802734375
2124000146;-32.309394836425781;-61.552406311035156
2130000145;-36.562843322753906;-66.302200317382813
2136000144;-38.442352294921875;-67.251571655273438
2142000143;-42.867069244384766;-104.60605621337891
2148000142;-59.242301940917969;-88.00299072265625
2154000141;-46.365882873535156;-79.019172668457031
2160000140;-39.546543121337891;-90.487724304199219
2166000139;-38.845085144042969;-67.623870849609375
2172000138;-42.908664703369141;-91.030677795410156
2178000137;-69.588920593261719;-110.87026977539062
2184000136;-72.945182800292969;-110.58206939697266
2190000135;-73.199249267578125;-103.69052886962891
2196000134;-71.657310485839844;-100.69011688232422
2202000133;-72.551422119140625;-111.06206512451172
2208000132;-70.94000244140625;-102.96726226806641
2214000131;-71.902999877929688;-104.24701690673828
2220000130;-72.824302673339844;-104.26405334472656
2226000129;-73.021408081054688;-95.528030395507813
2232000128;-71.623085021972656;-106.31896209716797
2238000127;-72.250053405761719;-103.49877166748047
2244000126;-72.430496215820313;-100.29444885253906
2250000125;-73.819320678710938;-103.413330078125
2256000124;-73.801895141601563;-100.91275024414062
2262000123;-70.98016357421875;-103.07619476318359
2268000122;-71.551094055175781;-100.41202545166016
2274000121;-73.252525329589844;-101.34178161621094
2280000120;-71.000259399414063;-103.84415435791016
2286000119;-72.359931945800781;-108.53630065917969
2292000118;-73.684860229492188;-99.977508544921875
2298000117;-73.99261474609375;-103.97640991210937
2304000116;-73.293205261230469;-101.96267700195312
2310000115;-71.125556945800781;-100.69162750244141
2316000114;-71.222175598144531;-97.212455749511719
2322000113;-71.003753662109375;-101.61390686035156
2328000112;-73.905853271484375;-107.48528289794922
2334000111;-72.660606384277344;-95.658432006835938
2340000110;-73.423759460449219;-104.36585235595703
2346000109;-73.795448303222656;-109.075439453125
2352000108;-72.730819702148438;-111.3983154296875
2358000107;-72.030532836914063;-118.27091217041016
2364000106;-72.708114624023438;-111.04177856445312
2370000105;-71.8123779296875;-96.815376281738281
2376000104;-74.161979675292969;-103.43731689453125
2382000103;-73.853958129882813;-98.177764892578125
2388000102;-72.674224853515625;-113.02023315429687
2394000101;-71.4635009765625;-103.13079833984375
2400000100;-72.579498291015625;-105.64749908447266
2406000099;-73.948150634765625;-98.914237976074219
2412000098;-72.572212219238281;-100.37134552001953
2418000097;-73.242576599121094;-96.818733215332031
2424000096;-70.918525695800781;-102.73799133300781
2430000095;-56.565658569335938;-92.049430847167969
2436000094;-52.265037536621094;-83.742713928222656
2442000093;-72.33660888671875;-103.55381774902344
2448000092;-70.364830017089844;-98.859695434570313
2454000091;-68.497367858886719;-110.231689453125
2460000090;-68.183395385742188;-93.544082641601563
2466000089;-64.001899719238281;-93.322097778320312
2472000088;-73.338607788085937;-102.69267272949219
2478000087;-71.615486145019531;-104.98980712890625
2484000086;-69.954269409179688;-97.838813781738281
2490000085;-71.559799194335938;-107.11612701416016
2496000084;-70.155311584472656;-94.048149108886719
2502000083;-73.381446838378906;-102.13687133789062
2508000082;-72.9178466796875;-103.67688751220703
2514000081;-70.396240234375;-112.59302520751953
2520000080;-73.570518493652344;-96.065567016601563
2526000079;-70.199356079101563;-104.52872467041016
2532000078;-70.391517639160156;-107.29376983642578
2538000077;-72.238449096679687;-106.81741333007812
2544000076;-70.637901306152344;-122.10218811035156
2550000075;-71.96978759765625;-98.109512329101563
2556000074;-70.684295654296875;-102.57588958740234
2562000073;-73.14776611328125;-101.77360534667969
2568000072;-72.128379821777344;-95.831878662109375
2574000071;-70.956291198730469;-109.46427154541016
2580000070;-71.934310913085938;-120.63829040527344
2586000069;-72.496818542480469;-100.98094940185547
2592000068;-70.475204467773437;-98.15521240234375
2598000067;-72.680496215820312;-102.29266357421875
2604000066;-72.926094055175781;-100.14112854003906
2610000065;-73.268463134765625;-114.979248046875
2616000064;-72.086952209472656;-96.856163024902344
2622000063;-72.215469360351562;-109.53623199462891
2628000062;-73.418510437011719;-98.966171264648438
2634000061;-71.939605712890625;-102.79890441894531
2640000060;-62.420337677001953;-99.763473510742188
2646000059;-56.616466522216797;-94.175666809082031
2652000058;-56.219944000244141;-83.004112243652344
2658000057;-40.499897003173828;-96.457572937011719
2664000056;-41.446441650390625;-68.955810546875
2670000055;-40.97503662109375;-73.701583862304687
2676000054;-49.810596466064453;-98.409820556640625
2682000053;-70.154067993164063;-102.49188995361328
2688000052;-70.599075317382813;-103.57514190673828
2694000051;-73.319343566894531;-107.51561737060547
2700000050;-73.307167053222656;-100.044677734375
2706000049;-72.4794921875;-100.54823303222656
2712000048;-72.154762268066406;-112.51694488525391
2718000047;-74.010604858398438;-99.211715698242188
2724000046;-71.285400390625;-103.53624725341797
2730000045;-73.318710327148438;-105.08162689208984
2736000044;-73.645088195800781;-101.24565887451172
2742000043;-74.94293212890625;-97.826873779296875
2748000042;-72.404518127441406;-104.41571807861328
2754000041;-72.659599304199219;-98.103012084960938
2760000040;-69.60400390625;-103.03515625
2766000039;-73.156837463378906;-103.71946716308594
2772000038;-70.728736877441406;-96.682289123535156
2778000037;-72.807373046875;-101.54314422607422
2784000036;-73.55670166015625;-106.76979827880859
2790000035;-73.52947998046875;-103.10397338867187
2796000034;-73.255355834960937;-109.92880249023437
2802000033;-70.773849487304688;-100.3909912109375
2808000032;-70.822776794433594;-114.05267333984375
2814000031;-73.206901550292969;-110.63011932373047
2820000030;-71.983154296875;-101.18196105957031
2826000029;-72.621528625488281;-111.72286987304687
2832000028;-70.869209289550781;-110.16546630859375
2838000027;-71.142753601074219;-106.03127288818359
2844000026;-70.981056213378906;-100.68557739257812
2850000025;-70.480316162109375;-97.664649963378906
2856000024;-71.717620849609375;-98.383827209472656
2862000023;-71.807937622070313;-96.935264587402344
2868000022;-70.709037780761719;-101.16806030273437
2874000021;-71.199287414550781;-105.50898742675781
2880000020;-70.731201171875;-96.097175598144531
2886000019;-72.236198425292969;-99.367706298828125
2892000018;-71.028633117675781;-103.77342987060547
2898000017;-68.6591796875;-104.33074951171875
2904000016;-70.066497802734375;-116.91643524169922
2910000015;-72.180290222167969;-97.425163269042969
2916000014;-71.731895446777344;-98.443267822265625
2922000013;-67.782035827636719;-104.86876678466797
2928000012;-70.326507568359375;-96.092170715332031
2934000011;-69.965576171875;-96.815711975097656
2940000010;-69.519691467285156;-111.02497100830078
2946000009;-71.444305419921875;-97.905921936035156
2952000008;-71.604049682617188;-95.997016906738281
2958000007;-70.866470336914063;-100.96317291259766
2964000006;-68.855216979980469;-103.22123718261719
2970000005;-70.883392333984375;-100.62977600097656
2976000004;-70.479782104492187;-97.728073120117187
2982000003;-73.03369140625;-102.23137664794922
2988000002;-71.864418029785156;-104.11565399169922
2994000001;-70.295051574707031;-98.807197570800781
3000000000;-70.306068420410156;-108.04286956787109
