Type;ZVL-3;
Version;3.31;
Date;28.Jan 18;
Mode;ANALYZER;
Center Freq;1500000250.000000;Hz
Freq Offset;0.000000;Hz
Span;2999999500.000000;Hz
x-Axis;LIN;
Start;500.000000;Hz
Stop;3000000000.000000;Hz
Ref Level;-20.000000;dBm
Level Offset;0.000000;dB
Ref Position;100.000000;%
y-Axis;LOG;
Level Range;100.000000;dB
Rf Att;0.000000;dB
RBW;3000000.000000;Hz
VBW;10000000.000000;Hz
SWT;0.005000;s
Trace Mode;CLR/WRITE;
Detector;AUTOPEAK;
Sweep Count;0;
Trace 1:;;
x-Unit;Hz;
y-Unit;dBm;
Preamplifier;OFF;
Transducer;OFF;
Values;501;
500;-1.8459396362304687;-52.943401336669922
6000499;-52.870189666748047;-90.934669494628906
12000498;-65.281600952148437;-98.723625183105469
18000497;-51.398269653320313;-109.84877777099609
24000496;-65.704124450683594;-90.78631591796875
30000495;-66.831001281738281;-111.44860076904297
36000494;-65.933097839355469;-94.048294067382813
42000493;-59.055675506591797;-88.09954833984375
48000492;-61.807357788085937;-87.201797485351562
54000491;-69.039871215820313;-93.987953186035156
60000490;-69.844924926757812;-107.65616607666016
66000489;-69.528717041015625;-103.20206451416016
72000488;-69.618377685546875;-108.30393218994141
78000487;-62.367362976074219;-105.9071044921875
84000486;-47.049381256103516;-84.183631896972656
90000485;-41.447296142578125;-71.635261535644531
96000484;-32.707435607910156;-55.689716339111328
102000483;-36.095481872558594;-61.221622467041016
108000482;-47.598079681396484;-97.059257507324219
114000481;-69.388992309570313;-97.338539123535156
120000480;-70.748664855957031;-102.32006072998047
126000479;-70.715721130371094;-101.21416473388672
132000478;-67.777069091796875;-112.06739044189453
138000477;-68.093742370605469;-101.07437896728516
144000476;-64.559112548828125;-135.22877502441406
150000475;-67.92486572265625;-99.36126708984375
156000474;-69.783851623535156;-107.57370758056641
162000473;-64.807731628417969;-100.34915924072266
168000472;-62.311904907226563;-92.484222412109375
174000471;-63.683395385742188;-92.584861755371094
180000470;-46.247711181640625;-86.092399597167969
186000469;-39.897617340087891;-98.104255676269531
192000468;-38.917575836181641;-73.146919250488281
198000467;-61.999004364013672;-101.65678405761719
204000466;-69.9234619140625;-103.47241973876953
210000465;-68.143989562988281;-104.17360687255859
216000464;-69.786956787109375;-95.574684143066406
222000463;-67.289833068847656;-97.696182250976563
228000462;-67.980133056640625;-93.095390319824219
234000461;-59.495143890380859;-93.699440002441406
240000460;-70.502189636230469;-99.761734008789063
246000459;-65.536293029785156;-90.640754699707031
252000458;-68.058143615722656;-106.87073516845703
258000457;-71.366310119628906;-96.5390625
264000456;-72.060356140136719;-109.64202117919922
270000455;-69.78961181640625;-108.54006958007812
276000454;-62.205730438232422;-102.13678741455078
282000453;-69.703506469726563;-103.47586822509766
288000452;-67.591049194335938;-114.98463439941406
294000451;-67.850669860839844;-111.50100708007812
300000450;-65.355934143066406;-93.435325622558594
306000449;-68.39251708984375;-100.67134094238281
312000448;-68.550079345703125;-94.934280395507812
318000447;-68.602088928222656;-106.48214721679687
324000446;-70.448623657226562;-106.00900268554687
330000445;-67.825531005859375;-99.386695861816406
336000444;-68.280853271484375;-104.18280029296875
342000443;-70.918441772460938;-102.36525726318359
348000442;-67.80902099609375;-104.26565551757812
354000441;-67.714248657226562;-98.273750305175781
360000440;-56.566165924072266;-92.942108154296875
366000439;-52.419601440429687;-84.268562316894531
372000438;-66.175430297851563;-92.663551330566406
378000437;-58.740570068359375;-101.52577972412109
384000436;-54.747287750244141;-96.7777099609375
390000435;-46.384841918945313;-87.080963134765625
396000434;-68.648796081542969;-101.96404266357422
402000433;-69.358604431152344;-116.14584350585937
408000432;-70.05804443359375;-107.85951232910156
414000431;-48.435749053955078;-99.409019470214844
420000430;-43.936557769775391;-71.18658447265625
426000429;-52.115097045898437;-83.595085144042969
432000428;-57.634315490722656;-97.396949768066406
438000427;-69.456932067871094;-108.81169891357422
444000426;-70.131057739257813;-92.830421447753906
450000425;-71.090095520019531;-106.93052673339844
456000424;-53.023929595947266;-93.570075988769531
462000423;-51.823947906494141;-85.378936767578125
468000422;-56.169963836669922;-100.81655883789062
474000421;-70.725608825683594;-114.28819274902344
480000420;-70.591934204101562;-103.03945159912109
486000419;-71.3443603515625;-96.792129516601562
492000418;-69.845428466796875;-97.182945251464844
498000417;-65.998641967773438;-102.61980438232422
504000416;-67.053367614746094;-100.81258392333984
510000415;-66.361129760742188;-95.84515380859375
516000414;-44.512111663818359;-88.186256408691406
522000413;-42.829944610595703;-72.298759460449219
528000412;-56.85467529296875;-109.49372100830078
534000411;-71.77178955078125;-102.88745880126953
540000410;-66.5943603515625;-100.46614074707031
546000409;-69.617271423339844;-95.724693298339844
552000408;-69.410346984863281;-107.27621459960937
558000407;-70.326934814453125;-90.269432067871094
564000406;-70.5390625;-99.531013488769531
570000405;-47.547409057617188;-89.396659851074219
576000404;-38.006679534912109;-70.127159118652344
582000403;-42.481403350830078;-87.276527404785156
588000402;-70.839096069335938;-99.356216430664063
594000401;-70.012039184570313;-97.259979248046875
600000400;-71.547454833984375;-103.83016204833984
606000399;-71.310478210449219;-100.52864837646484
612000398;-70.884109497070313;-119.73241424560547
618000397;-71.409843444824219;-95.576026916503906
624000396;-71.110733032226562;-98.9473876953125
630000395;-70.216300964355469;-101.60799407958984
636000394;-71.624771118164062;-117.72273254394531
642000393;-71.831382751464844;-105.63660430908203
648000392;-71.548057556152344;-106.32048797607422
654000391;-70.458084106445313;-95.245834350585938
660000390;-69.30010986328125;-103.96791076660156
666000389;-71.478080749511719;-103.93867492675781
672000388;-71.212074279785156;-101.38130187988281
678000387;-69.922431945800781;-97.182357788085938
684000386;-68.944740295410156;-101.75445556640625
690000385;-65.532974243164062;-98.721641540527344
696000384;-70.640365600585938;-106.70919036865234
702000383;-70.597640991210938;-100.22610473632812
708000382;-71.204696655273437;-100.68064880371094
714000381;-70.828254699707031;-110.04254150390625
720000380;-64.05755615234375;-102.46185302734375
726000379;-51.6492919921875;-82.901397705078125
732000378;-57.441509246826172;-90.387687683105469
738000377;-69.510124206542969;-99.295310974121094
744000376;-70.5528564453125;-102.80909729003906
750000375;-70.235626220703125;-102.18083953857422
756000374;-72.086959838867188;-105.72724914550781
762000373;-69.487991333007812;-99.507598876953125
768000372;-61.569797515869141;-105.40169525146484
774000371;-68.18798828125;-97.683143615722656
780000370;-69.618400573730469;-100.01862335205078
786000369;-60.387191772460938;-104.99404907226562
792000368;-44.1627197265625;-80.176971435546875
798000367;-46.762981414794922;-78.356109619140625
804000366;-60.188762664794922;-88.79656982421875
810000365;-65.692718505859375;-91.655517578125
816000364;-62.775871276855469;-99.934371948242188
822000363;-66.542831420898437;-97.72003173828125
828000362;-71.001350402832031;-114.71961212158203
834000361;-69.894752502441406;-113.84075927734375
840000360;-70.989425659179687;-101.12629699707031
846000359;-70.23175048828125;-105.66863250732422
852000358;-68.695701599121094;-95.817543029785156
858000357;-71.4073486328125;-99.417877197265625
864000356;-70.172843933105469;-98.156898498535156
870000355;-68.298088073730469;-102.09918975830078
876000354;-66.091087341308594;-96.475051879882813
882000353;-72.224555969238281;-99.365768432617188
888000352;-70.94342041015625;-98.957344055175781
894000351;-70.944595336914063;-101.90047454833984
900000350;-70.715408325195313;-103.86020660400391
906000349;-72.168998718261719;-99.357894897460937
912000348;-71.914871215820312;-109.61895751953125
918000347;-70.7213134765625;-99.153610229492188
924000346;-59.997867584228516;-111.33960723876953
930000345;-63.740325927734375;-96.54229736328125
936000344;-32.485797882080078;-80.014640808105469
942000343;-32.248172760009766;-77.117218017578125
948000342;-29.583610534667969;-76.072959899902344
954000341;-26.342227935791016;-50.934890747070312
960000340;-48.185508728027344;-100.22954559326172
966000339;-72.75006103515625;-94.756210327148438
972000338;-70.331443786621094;-97.741546630859375
978000337;-69.495750427246094;-106.2261962890625
984000336;-69.756484985351563;-110.32675170898437
990000335;-69.580635070800781;-114.40534210205078
996000334;-71.608268737792969;-105.32917785644531
1002000333;-71.141189575195313;-107.40619659423828
1008000332;-71.002220153808594;-95.200546264648437
1014000331;-72.565910339355469;-117.73139953613281
1020000330;-72.950630187988281;-113.29602813720703
1026000329;-71.067184448242188;-104.83901214599609
1032000328;-69.742012023925781;-106.50651550292969
1038000327;-69.496040344238281;-104.99235534667969
1044000326;-73.3424072265625;-114.86024475097656
1050000325;-71.588127136230469;-111.60334014892578
1056000324;-71.761138916015625;-103.04679870605469
1062000323;-72.090034484863281;-100.08773040771484
1068000322;-73.460762023925781;-106.13282012939453
1074000321;-72.090530395507813;-102.42738342285156
1080000320;-70.358558654785156;-121.49240112304688
1086000319;-70.845947265625;-100.25337982177734
1092000318;-73.631050109863281;-103.80287170410156
1098000317;-70.889945983886719;-100.91843414306641
1104000316;-70.207305908203125;-97.368728637695312
1110000315;-69.959136962890625;-97.410881042480469
1116000314;-71.856826782226563;-98.985267639160156
1122000313;-70.233695983886719;-100.59455108642578
1128000312;-71.031707763671875;-96.675262451171875
1134000311;-72.048782348632812;-96.590217590332031
1140000310;-70.454864501953125;-101.31906890869141
1146000309;-71.254478454589844;-111.26902008056641
1152000308;-71.228874206542969;-100.00039672851562
1158000307;-72.065628051757813;-100.28443145751953
1164000306;-71.469337463378906;-123.45379638671875
1170000305;-71.662315368652344;-102.90215301513672
1176000304;-71.324058532714844;-103.92053985595703
1182000303;-71.00042724609375;-104.37340545654297
1188000302;-68.375724792480469;-101.28691864013672
1194000301;-72.443092346191406;-100.48947143554687
1200000300;-70.948684692382813;-101.12049102783203
1206000299;-71.642723083496094;-113.77745056152344
1212000298;-70.711448669433594;-102.95758819580078
1218000297;-70.579856872558594;-105.76674652099609
1224000296;-72.04022216796875;-98.736427307128906
1230000295;-71.124282836914062;-98.622810363769531
1236000294;-70.758277893066406;-109.05244445800781
1242000293;-70.679832458496094;-113.78701782226562
1248000292;-70.029281616210937;-96.576431274414063
1254000291;-69.897132873535156;-119.87522888183594
1260000290;-69.976036071777344;-99.938224792480469
1266000289;-70.587432861328125;-93.335052490234375
1272000288;-69.269660949707031;-112.26361846923828
1278000287;-71.525421142578125;-100.56432342529297
1284000286;-69.087089538574219;-107.64035034179687
1290000285;-68.727775573730469;-100.82456970214844
1296000284;-70.528961181640625;-101.04239654541016
1302000283;-69.95489501953125;-102.54730987548828
1308000282;-71.9630126953125;-103.819091796875
1314000281;-71.325241088867188;-99.799369812011719
1320000280;-69.807647705078125;-107.87317657470703
1326000279;-71.738929748535156;-98.047264099121094
1332000278;-73.022674560546875;-95.057754516601563
1338000277;-72.489822387695313;-102.23213958740234
1344000276;-71.842025756835938;-101.33768463134766
1350000275;-72.087249755859375;-93.844093322753906
1356000274;-70.183418273925781;-100.49396514892578
1362000273;-71.040275573730469;-104.10641479492187
1368000272;-70.433624267578125;-103.58844757080078
1374000271;-70.380180358886719;-92.627311706542969
1380000270;-71.53387451171875;-107.68531036376953
1386000269;-69.988166809082031;-103.28363037109375
1392000268;-69.759048461914063;-109.52232360839844
1398000267;-71.613899230957031;-96.688591003417969
1404000266;-70.390602111816406;-103.43226623535156
1410000265;-70.884452819824219;-101.93051147460937
1416000264;-71.370162963867188;-112.92167663574219
1422000263;-72.820564270019531;-105.54096984863281
1428000262;-70.6317138671875;-96.702392578125
1434000261;-71.027412414550781;-97.772491455078125
1440000260;-72.638702392578125;-98.57452392578125
1446000259;-72.073478698730469;-96.618240356445313
1452000258;-67.620719909667969;-108.66675567626953
1458000257;-71.776512145996094;-107.31492614746094
1464000256;-71.54388427734375;-95.968093872070313
1470000255;-69.035736083984375;-92.687965393066406
1476000254;-72.364906311035156;-95.647026062011719
1482000253;-69.836090087890625;-96.031661987304688
1488000252;-72.320785522460938;-102.27214813232422
1494000251;-72.155891418457031;-90.945137023925781
1500000250;-69.092254638671875;-129.44635009765625
1506000249;-70.817337036132813;-106.80834197998047
1512000248;-71.487525939941406;-105.87181854248047
1518000247;-71.754287719726563;-101.13782501220703
1524000246;-70.373023986816406;-104.84937286376953
1530000245;-71.672821044921875;-102.25188446044922
1536000244;-68.599327087402344;-97.421165466308594
1542000243;-71.535003662109375;-99.537376403808594
1548000242;-71.890609741210938;-110.32704162597656
1554000241;-72.638572692871094;-101.11480712890625
1560000240;-71.818550109863281;-99.734748840332031
1566000239;-69.017913818359375;-95.492828369140625
1572000238;-73.210906982421875;-105.06438446044922
1578000237;-71.546051025390625;-111.22040557861328
1584000236;-70.642784118652344;-93.453620910644531
1590000235;-71.6370849609375;-98.181900024414063
1596000234;-72.358863830566406;-122.43092346191406
1602000233;-73.421714782714844;-95.767051696777344
1608000232;-72.4046630859375;-97.493072509765625
1614000231;-73.194755554199219;-108.511474609375
1620000230;-72.167724609375;-105.45964813232422
1626000229;-72.864700317382813;-99.163352966308594
1632000228;-69.538154602050781;-94.834762573242188
1638000227;-69.971946716308594;-104.80970764160156
1644000226;-71.222038269042969;-107.10722351074219
1650000225;-71.341934204101563;-108.71296691894531
1656000224;-71.919181823730469;-103.23358154296875
1662000223;-70.042015075683594;-99.526443481445313
1668000222;-71.21685791015625;-94.505508422851562
1674000221;-73.466972351074219;-99.746932983398438
1680000220;-72.787826538085938;-99.999107360839844
1686000219;-72.438491821289063;-107.78359985351562
1692000218;-71.853889465332031;-117.02848052978516
1698000217;-70.9853515625;-104.06218719482422
1704000216;-71.542182922363281;-105.03111267089844
1710000215;-73.0634765625;-96.424713134765625
1716000214;-73.171501159667969;-98.376007080078125
1722000213;-72.501335144042969;-114.12453460693359
1728000212;-71.994125366210937;-102.72525024414062
1734000211;-72.493804931640625;-101.10003662109375
1740000210;-73.422027587890625;-104.66752624511719
1746000209;-72.740203857421875;-100.00441741943359
1752000208;-71.822723388671875;-104.01412200927734
1758000207;-71.267593383789063;-104.34652709960937
1764000206;-71.506431579589844;-104.15047454833984
1770000205;-70.476974487304688;-103.79475402832031
1776000204;-71.868392944335938;-94.967552185058594
1782000203;-71.859893798828125;-100.99531555175781
1788000202;-71.887123107910156;-102.095458984375
1794000201;-71.928131103515625;-93.850196838378906
1800000200;-71.746238708496094;-102.97829437255859
1806000199;-65.985137939453125;-101.09288024902344
1812000198;-63.547512054443359;-94.676536560058594
1818000197;-59.885482788085938;-92.894638061523438
1824000196;-63.808917999267578;-93.3046875
1830000195;-66.041702270507813;-105.88534545898437
1836000194;-56.310928344726563;-93.764251708984375
1842000193;-41.640876770019531;-78.251930236816406
1848000192;-38.721134185791016;-69.136795043945313
1854000191;-41.029689788818359;-86.543907165527344
1860000190;-63.641105651855469;-99.660011291503906
1866000189;-62.676963806152344;-101.71490478515625
1872000188;-49.677780151367188;-83.66796875
1878000187;-51.482860565185547;-98.590339660644531
1884000186;-73.613883972167969;-95.876365661621094
1890000185;-75.407333374023437;-110.51349639892578
1896000184;-73.257011413574219;-108.75216674804688
1902000183;-72.89324951171875;-105.32406616210937
1908000182;-71.024238586425781;-123.58499145507812
1914000181;-72.203826904296875;-95.022163391113281
1920000180;-73.541343688964844;-105.81319427490234
1926000179;-72.59661865234375;-100.86980438232422
1932000178;-72.393402099609375;-105.52139282226562
1938000177;-71.988876342773437;-106.48863983154297
1944000176;-72.042961120605469;-101.54545593261719
1950000175;-72.492271423339844;-101.26055145263672
1956000174;-70.437019348144531;-107.39586639404297
1962000173;-72.514411926269531;-97.753654479980469
1968000172;-74.258613586425781;-96.736015319824219
1974000171;-72.938919067382813;-101.2540283203125
1980000170;-72.787033081054687;-106.59171295166016
1986000169;-72.35101318359375;-113.20211029052734
1992000168;-69.842559814453125;-98.473045349121094
1998000167;-71.081375122070312;-109.89687347412109
2004000166;-71.261688232421875;-123.7454833984375
2010000165;-72.087821960449219;-119.15164947509766
2016000164;-71.581764221191406;-99.917465209960938
2022000163;-71.925918579101563;-99.332199096679688
2028000162;-71.787345886230469;-100.89799499511719
2034000161;-72.335098266601563;-101.19694519042969
2040000160;-72.939903259277344;-97.311485290527344
2046000159;-70.189254760742188;-95.185089111328125
2052000158;-73.073966979980469;-98.738029479980469
2058000157;-71.304069519042969;-100.78569793701172
2064000156;-70.6641845703125;-117.82318878173828
2070000155;-73.471969604492188;-101.33378601074219
2076000154;-72.003562927246094;-104.51716613769531
2082000153;-69.543746948242187;-97.989402770996094
2088000152;-71.139427185058594;-107.21198272705078
2094000151;-71.589645385742188;-97.344398498535156
2100000150;-72.671371459960938;-101.05265045166016
2106000149;-61.245891571044922;-98.956962585449219
2112000148;-44.836315155029297;-75.0208740234375
2118000147;-37.017463684082031;-63.114078521728516
2124000146;-33.641201019287109;-66.39642333984375
2130000145;-35.367225646972656;-62.705268859863281
2136000144;-38.572265625;-71.221481323242188
2142000143;-45.885093688964844;-83.339736938476562
2148000142;-61.482246398925781;-91.198959350585937
2154000141;-42.429847717285156;-91.877304077148438
2160000140;-44.645027160644531;-72.041007995605469
2166000139;-44.449771881103516;-71.458633422851562
2172000138;-43.823997497558594;-87.447074890136719
2178000137;-73.417495727539062;-111.26309204101562
2184000136;-72.201759338378906;-110.17584991455078
2190000135;-73.540733337402344;-116.83359527587891
2196000134;-72.097770690917969;-97.637466430664062
2202000133;-73.897674560546875;-99.711227416992188
2208000132;-72.621414184570313;-110.75974273681641
2214000131;-73.892196655273438;-108.60965728759766
2220000130;-72.825477600097656;-96.476455688476563
2226000129;-71.974502563476562;-110.3035888671875
2232000128;-72.634140014648437;-108.23393249511719
2238000127;-71.429672241210937;-99.47857666015625
2244000126;-73.152320861816406;-100.25392150878906
2250000125;-74.494049072265625;-109.98369598388672
2256000124;-72.40179443359375;-101.49820709228516
2262000123;-72.599784851074219;-110.65163421630859
2268000122;-73.666854858398438;-109.91651153564453
2274000121;-73.409439086914063;-97.143295288085938
2280000120;-75.198722839355469;-115.82123565673828
2286000119;-73.210006713867188;-101.93209838867187
2292000118;-74.368766784667969;-99.616966247558594
2298000117;-72.790306091308594;-97.172554016113281
2304000116;-74.481170654296875;-98.04766845703125
2310000115;-74.09613037109375;-101.87586212158203
2316000114;-72.267112731933594;-103.97998046875
2322000113;-71.734443664550781;-106.93543243408203
2328000112;-72.577232360839844;-99.606430053710937
2334000111;-73.613121032714844;-96.526252746582031
2340000110;-72.265213012695313;-106.75115203857422
2346000109;-72.675857543945313;-100.04164123535156
2352000108;-72.098358154296875;-99.211174011230469
2358000107;-74.083122253417969;-109.48619842529297
2364000106;-72.597259521484375;-105.19020080566406
2370000105;-73.384819030761719;-97.246597290039063
2376000104;-73.223670959472656;-106.66213989257813
2382000103;-74.7255859375;-109.16770172119141
2388000102;-70.978485107421875;-103.97359466552734
2394000101;-72.390716552734375;-101.90971374511719
2400000100;-71.900238037109375;-102.67103576660156
2406000099;-72.9132080078125;-99.507575988769531
2412000098;-72.763008117675781;-98.715660095214844
2418000097;-73.748611450195313;-106.41216278076172
2424000096;-73.788551330566406;-102.82835388183594
2430000095;-72.829124450683594;-106.32447814941406
2436000094;-72.014266967773438;-99.997154235839844
2442000093;-71.829483032226563;-98.421859741210938
2448000092;-72.671905517578125;-100.99671936035156
2454000091;-61.253719329833984;-102.22360992431641
2460000090;-44.076126098632812;-74.64068603515625
2466000089;-40.794055938720703;-76.667533874511719
2472000088;-47.418087005615234;-93.542037963867188
2478000087;-70.659912109375;-102.92366027832031
2484000086;-72.164169311523438;-99.655014038085938
2490000085;-72.473007202148438;-102.21875762939453
2496000084;-71.689674377441406;-96.082328796386719
2502000083;-74.825981140136719;-100.509765625
2508000082;-71.819709777832031;-103.25840759277344
2514000081;-73.802932739257813;-101.32804870605469
2520000080;-70.735694885253906;-107.16966247558594
2526000079;-72.5478515625;-99.290428161621094
2532000078;-69.946937561035156;-112.18507385253906
2538000077;-74.310173034667969;-99.785865783691406
2544000076;-73.397026062011719;-97.165390014648438
2550000075;-72.105766296386719;-105.61840057373047
2556000074;-71.684982299804688;-102.33055877685547
2562000073;-70.915130615234375;-101.49266815185547
2568000072;-72.192825317382813;-103.75714111328125
2574000071;-73.141777038574219;-100.87652587890625
2580000070;-71.317123413085937;-102.07855224609375
2586000069;-71.701248168945312;-98.560157775878906
2592000068;-73.016822814941406;-99.102668762207031
2598000067;-72.776771545410156;-99.724037170410156
2604000066;-72.403022766113281;-106.89700317382812
2610000065;-74.351287841796875;-104.37034606933594
2616000064;-72.309356689453125;-96.255020141601562
2622000063;-73.877723693847656;-96.684371948242187
2628000062;-71.884979248046875;-100.47259521484375
2634000061;-74.749809265136719;-110.48611450195312
2640000060;-49.302944183349609;-99.382606506347656
2646000059;-43.358787536621094;-70.505928039550781
2652000058;-46.301750183105469;-97.533050537109375
2658000057;-59.696071624755859;-111.69644927978516
2664000056;-58.828632354736328;-90.846534729003906
2670000055;-58.233539581298828;-85.938880920410156
2676000054;-67.697349548339844;-98.030838012695313
2682000053;-72.004928588867188;-94.359115600585937
2688000052;-69.8111572265625;-101.37533569335937
2694000051;-73.720870971679688;-98.010185241699219
2700000050;-72.265396118164063;-105.70756530761719
2706000049;-70.310302734375;-94.4586181640625
2712000048;-73.78192138671875;-108.93280029296875
2718000047;-71.684867858886719;-112.93624877929687
2724000046;-74.726036071777344;-110.04495239257813
2730000045;-72.449760437011719;-103.36066436767578
2736000044;-72.272254943847656;-99.05755615234375
2742000043;-70.633773803710938;-113.23413848876953
2748000042;-72.347366333007812;-97.880584716796875
2754000041;-72.542869567871094;-107.35183715820312
2760000040;-71.277275085449219;-98.40887451171875
2766000039;-73.396278381347656;-98.542999267578125
2772000038;-71.918342590332031;-107.22415161132812
2778000037;-72.677703857421875;-103.17228698730469
2784000036;-72.517738342285156;-100.57875823974609
2790000035;-71.01947021484375;-104.62923431396484
2796000034;-71.10845947265625;-103.26643371582031
2802000033;-72.251693725585938;-104.15862274169922
2808000032;-71.017623901367188;-107.52373504638672
2814000031;-69.162147521972656;-100.1705322265625
2820000030;-71.377662658691406;-105.98918914794922
2826000029;-70.522453308105469;-103.34250640869141
2832000028;-71.741432189941406;-101.54035949707031
2838000027;-70.617462158203125;-112.02730560302734
2844000026;-71.681236267089844;-104.66053009033203
2850000025;-70.726417541503906;-96.454963684082031
2856000024;-70.689865112304688;-103.71363067626953
2862000023;-71.113395690917969;-107.14329528808594
2868000022;-71.160423278808594;-97.622955322265625
2874000021;-69.901023864746094;-104.26848602294922
2880000020;-70.210029602050781;-106.83908843994141
2886000019;-69.388702392578125;-113.50415802001953
2892000018;-69.6824951171875;-100.30614471435547
2898000017;-71.031623840332031;-103.05216217041016
2904000016;-69.093559265136719;-98.4581298828125
2910000015;-70.604713439941406;-97.941207885742188
2916000014;-69.999397277832031;-96.208992004394531
2922000013;-70.756324768066406;-99.262580871582031
2928000012;-71.905845642089844;-109.18206787109375
2934000011;-71.054176330566406;-92.205245971679688
2940000010;-68.101898193359375;-107.93994903564453
2946000009;-70.607261657714844;-113.8961181640625
2952000008;-70.977821350097656;-102.43994903564453
2958000007;-73.072898864746094;-122.84479522705078
2964000006;-69.957977294921875;-103.53816223144531
2970000005;-70.8017578125;-99.552848815917969
2976000004;-71.648170471191406;-102.06196594238281
2982000003;-71.172203063964844;-104.91415405273437
2988000002;-71.335365295410156;-100.11065673828125
2994000001;-70.843833923339844;-111.52013397216797
3000000000;-72.550102233886719;-109.38829040527344
